0 0 11.829404 2.957351 11.829404 11.829404 2.957351 11.829404
0 1 11.829404 2.957351 11.829404 14.786755 2.957351 11.829404
0 2 11.829404 2.957351 11.829404 8.872053 5.914702 11.829404
0 3 11.829404 2.957351 11.829404 11.829404 5.914702 11.829404
0 4 11.829404 2.957351 11.829404 14.786755 5.914702 11.829404
0 5 11.829404 2.957351 11.829404 8.872053 0.000000 14.786755
0 6 11.829404 2.957351 11.829404 11.829404 0.000000 14.786755
0 7 11.829404 2.957351 11.829404 14.786755 0.000000 14.786755
0 8 11.829404 2.957351 11.829404 8.872053 2.957351 14.786755
0 9 11.829404 2.957351 11.829404 11.829404 2.957351 14.786755
0 10 11.829404 2.957351 11.829404 14.786755 2.957351 14.786755
0 11 11.829404 2.957351 11.829404 8.872053 5.914702 14.786755
0 12 11.829404 2.957351 11.829404 11.829404 5.914702 14.786755
0 13 11.829404 2.957351 11.829404 14.786755 5.914702 14.786755
1 0 14.786755 2.957351 11.829404 14.786755 2.957351 11.829404
1 1 14.786755 2.957351 11.829404 17.744106 2.957351 11.829404
1 2 14.786755 2.957351 11.829404 11.829404 5.914702 11.829404
1 3 14.786755 2.957351 11.829404 14.786755 5.914702 11.829404
1 4 14.786755 2.957351 11.829404 17.744106 5.914702 11.829404
1 5 14.786755 2.957351 11.829404 11.829404 0.000000 14.786755
1 6 14.786755 2.957351 11.829404 14.786755 0.000000 14.786755
1 7 14.786755 2.957351 11.829404 17.744106 0.000000 14.786755
1 8 14.786755 2.957351 11.829404 11.829404 2.957351 14.786755
1 9 14.786755 2.957351 11.829404 14.786755 2.957351 14.786755
1 10 14.786755 2.957351 11.829404 17.744106 2.957351 14.786755
1 11 14.786755 2.957351 11.829404 11.829404 5.914702 14.786755
1 12 14.786755 2.957351 11.829404 14.786755 5.914702 14.786755
1 13 14.786755 2.957351 11.829404 17.744106 5.914702 14.786755
2 0 17.744106 2.957351 11.829404 17.744106 2.957351 11.829404
2 1 17.744106 2.957351 11.829404 20.701458 2.957351 11.829404
2 2 17.744106 2.957351 11.829404 14.786755 5.914702 11.829404
2 3 17.744106 2.957351 11.829404 17.744106 5.914702 11.829404
2 4 17.744106 2.957351 11.829404 20.701458 5.914702 11.829404
2 5 17.744106 2.957351 11.829404 14.786755 0.000000 14.786755
2 6 17.744106 2.957351 11.829404 17.744106 0.000000 14.786755
2 7 17.744106 2.957351 11.829404 20.701458 0.000000 14.786755
2 8 17.744106 2.957351 11.829404 14.786755 2.957351 14.786755
2 9 17.744106 2.957351 11.829404 17.744106 2.957351 14.786755
2 10 17.744106 2.957351 11.829404 20.701458 2.957351 14.786755
2 11 17.744106 2.957351 11.829404 14.786755 5.914702 14.786755
2 12 17.744106 2.957351 11.829404 17.744106 5.914702 14.786755
2 13 17.744106 2.957351 11.829404 20.701458 5.914702 14.786755
3 0 11.829404 5.914702 11.829404 11.829404 5.914702 11.829404
3 1 11.829404 5.914702 11.829404 14.786755 5.914702 11.829404
3 2 11.829404 5.914702 11.829404 8.872053 8.872053 11.829404
3 3 11.829404 5.914702 11.829404 11.829404 8.872053 11.829404
3 4 11.829404 5.914702 11.829404 14.786755 8.872053 11.829404
3 5 11.829404 5.914702 11.829404 8.872053 2.957351 14.786755
3 6 11.829404 5.914702 11.829404 11.829404 2.957351 14.786755
3 7 11.829404 5.914702 11.829404 14.786755 2.957351 14.786755
3 8 11.829404 5.914702 11.829404 8.872053 5.914702 14.786755
3 9 11.829404 5.914702 11.829404 11.829404 5.914702 14.786755
3 10 11.829404 5.914702 11.829404 14.786755 5.914702 14.786755
3 11 11.829404 5.914702 11.829404 8.872053 8.872053 14.786755
3 12 11.829404 5.914702 11.829404 11.829404 8.872053 14.786755
3 13 11.829404 5.914702 11.829404 14.786755 8.872053 14.786755
4 0 14.786755 5.914702 11.829404 14.786755 5.914702 11.829404
4 1 14.786755 5.914702 11.829404 17.744106 5.914702 11.829404
4 2 14.786755 5.914702 11.829404 11.829404 8.872053 11.829404
4 3 14.786755 5.914702 11.829404 14.786755 8.872053 11.829404
4 4 14.786755 5.914702 11.829404 17.744106 8.872053 11.829404
4 5 14.786755 5.914702 11.829404 11.829404 2.957351 14.786755
4 6 14.786755 5.914702 11.829404 14.786755 2.957351 14.786755
4 7 14.786755 5.914702 11.829404 17.744106 2.957351 14.786755
4 8 14.786755 5.914702 11.829404 11.829404 5.914702 14.786755
4 9 14.786755 5.914702 11.829404 14.786755 5.914702 14.786755
4 10 14.786755 5.914702 11.829404 17.744106 5.914702 14.786755
4 11 14.786755 5.914702 11.829404 11.829404 8.872053 14.786755
4 12 14.786755 5.914702 11.829404 14.786755 8.872053 14.786755
4 13 14.786755 5.914702 11.829404 17.744106 8.872053 14.786755
5 0 17.744106 5.914702 11.829404 17.744106 5.914702 11.829404
5 1 17.744106 5.914702 11.829404 20.701458 5.914702 11.829404
5 2 17.744106 5.914702 11.829404 14.786755 8.872053 11.829404
5 3 17.744106 5.914702 11.829404 17.744106 8.872053 11.829404
5 4 17.744106 5.914702 11.829404 20.701458 8.872053 11.829404
5 5 17.744106 5.914702 11.829404 14.786755 2.957351 14.786755
5 6 17.744106 5.914702 11.829404 17.744106 2.957351 14.786755
5 7 17.744106 5.914702 11.829404 20.701458 2.957351 14.786755
5 8 17.744106 5.914702 11.829404 14.786755 5.914702 14.786755
5 9 17.744106 5.914702 11.829404 17.744106 5.914702 14.786755
5 10 17.744106 5.914702 11.829404 20.701458 5.914702 14.786755
5 11 17.744106 5.914702 11.829404 14.786755 8.872053 14.786755
5 12 17.744106 5.914702 11.829404 17.744106 8.872053 14.786755
5 13 17.744106 5.914702 11.829404 20.701458 8.872053 14.786755
6 0 11.829404 8.872053 11.829404 11.829404 8.872053 11.829404
6 1 11.829404 8.872053 11.829404 14.786755 8.872053 11.829404
6 2 11.829404 8.872053 11.829404 8.872053 11.829404 11.829404
6 3 11.829404 8.872053 11.829404 11.829404 11.829404 11.829404
6 4 11.829404 8.872053 11.829404 14.786755 11.829404 11.829404
6 5 11.829404 8.872053 11.829404 8.872053 5.914702 14.786755
6 6 11.829404 8.872053 11.829404 11.829404 5.914702 14.786755
6 7 11.829404 8.872053 11.829404 14.786755 5.914702 14.786755
6 8 11.829404 8.872053 11.829404 8.872053 8.872053 14.786755
6 9 11.829404 8.872053 11.829404 11.829404 8.872053 14.786755
6 10 11.829404 8.872053 11.829404 14.786755 8.872053 14.786755
6 11 11.829404 8.872053 11.829404 8.872053 11.829404 14.786755
6 12 11.829404 8.872053 11.829404 11.829404 11.829404 14.786755
6 13 11.829404 8.872053 11.829404 14.786755 11.829404 14.786755
7 0 14.786755 8.872053 11.829404 14.786755 8.872053 11.829404
7 1 14.786755 8.872053 11.829404 17.744106 8.872053 11.829404
7 2 14.786755 8.872053 11.829404 11.829404 11.829404 11.829404
7 3 14.786755 8.872053 11.829404 14.786755 11.829404 11.829404
7 4 14.786755 8.872053 11.829404 17.744106 11.829404 11.829404
7 5 14.786755 8.872053 11.829404 11.829404 5.914702 14.786755
7 6 14.786755 8.872053 11.829404 14.786755 5.914702 14.786755
7 7 14.786755 8.872053 11.829404 17.744106 5.914702 14.786755
7 8 14.786755 8.872053 11.829404 11.829404 8.872053 14.786755
7 9 14.786755 8.872053 11.829404 14.786755 8.872053 14.786755
7 10 14.786755 8.872053 11.829404 17.744106 8.872053 14.786755
7 11 14.786755 8.872053 11.829404 11.829404 11.829404 14.786755
7 12 14.786755 8.872053 11.829404 14.786755 11.829404 14.786755
7 13 14.786755 8.872053 11.829404 17.744106 11.829404 14.786755
8 0 17.744106 8.872053 11.829404 17.744106 8.872053 11.829404
8 1 17.744106 8.872053 11.829404 20.701458 8.872053 11.829404
8 2 17.744106 8.872053 11.829404 14.786755 11.829404 11.829404
8 3 17.744106 8.872053 11.829404 17.744106 11.829404 11.829404
8 4 17.744106 8.872053 11.829404 20.701458 11.829404 11.829404
8 5 17.744106 8.872053 11.829404 14.786755 5.914702 14.786755
8 6 17.744106 8.872053 11.829404 17.744106 5.914702 14.786755
8 7 17.744106 8.872053 11.829404 20.701458 5.914702 14.786755
8 8 17.744106 8.872053 11.829404 14.786755 8.872053 14.786755
8 9 17.744106 8.872053 11.829404 17.744106 8.872053 14.786755
8 10 17.744106 8.872053 11.829404 20.701458 8.872053 14.786755
8 11 17.744106 8.872053 11.829404 14.786755 11.829404 14.786755
8 12 17.744106 8.872053 11.829404 17.744106 11.829404 14.786755
8 13 17.744106 8.872053 11.829404 20.701458 11.829404 14.786755
9 0 11.829404 2.957351 14.786755 11.829404 2.957351 14.786755
9 1 11.829404 2.957351 14.786755 14.786755 2.957351 14.786755
9 2 11.829404 2.957351 14.786755 8.872053 5.914702 14.786755
9 3 11.829404 2.957351 14.786755 11.829404 5.914702 14.786755
9 4 11.829404 2.957351 14.786755 14.786755 5.914702 14.786755
9 5 11.829404 2.957351 14.786755 8.872053 0.000000 17.744106
9 6 11.829404 2.957351 14.786755 11.829404 0.000000 17.744106
9 7 11.829404 2.957351 14.786755 14.786755 0.000000 17.744106
9 8 11.829404 2.957351 14.786755 8.872053 2.957351 17.744106
9 9 11.829404 2.957351 14.786755 11.829404 2.957351 17.744106
9 10 11.829404 2.957351 14.786755 14.786755 2.957351 17.744106
9 11 11.829404 2.957351 14.786755 8.872053 5.914702 17.744106
9 12 11.829404 2.957351 14.786755 11.829404 5.914702 17.744106
9 13 11.829404 2.957351 14.786755 14.786755 5.914702 17.744106
10 0 14.786755 2.957351 14.786755 14.786755 2.957351 14.786755
10 1 14.786755 2.957351 14.786755 17.744106 2.957351 14.786755
10 2 14.786755 2.957351 14.786755 11.829404 5.914702 14.786755
10 3 14.786755 2.957351 14.786755 14.786755 5.914702 14.786755
10 4 14.786755 2.957351 14.786755 17.744106 5.914702 14.786755
10 5 14.786755 2.957351 14.786755 11.829404 0.000000 17.744106
10 6 14.786755 2.957351 14.786755 14.786755 0.000000 17.744106
10 7 14.786755 2.957351 14.786755 17.744106 0.000000 17.744106
10 8 14.786755 2.957351 14.786755 11.829404 2.957351 17.744106
10 9 14.786755 2.957351 14.786755 14.786755 2.957351 17.744106
10 10 14.786755 2.957351 14.786755 17.744106 2.957351 17.744106
10 11 14.786755 2.957351 14.786755 11.829404 5.914702 17.744106
10 12 14.786755 2.957351 14.786755 14.786755 5.914702 17.744106
10 13 14.786755 2.957351 14.786755 17.744106 5.914702 17.744106
11 0 17.744106 2.957351 14.786755 17.744106 2.957351 14.786755
11 1 17.744106 2.957351 14.786755 20.701458 2.957351 14.786755
11 2 17.744106 2.957351 14.786755 14.786755 5.914702 14.786755
11 3 17.744106 2.957351 14.786755 17.744106 5.914702 14.786755
11 4 17.744106 2.957351 14.786755 20.701458 5.914702 14.786755
11 5 17.744106 2.957351 14.786755 14.786755 0.000000 17.744106
11 6 17.744106 2.957351 14.786755 17.744106 0.000000 17.744106
11 7 17.744106 2.957351 14.786755 20.701458 0.000000 17.744106
11 8 17.744106 2.957351 14.786755 14.786755 2.957351 17.744106
11 9 17.744106 2.957351 14.786755 17.744106 2.957351 17.744106
11 10 17.744106 2.957351 14.786755 20.701458 2.957351 17.744106
11 11 17.744106 2.957351 14.786755 14.786755 5.914702 17.744106
11 12 17.744106 2.957351 14.786755 17.744106 5.914702 17.744106
11 13 17.744106 2.957351 14.786755 20.701458 5.914702 17.744106
12 0 11.829404 5.914702 14.786755 11.829404 5.914702 14.786755
12 1 11.829404 5.914702 14.786755 14.786755 5.914702 14.786755
12 2 11.829404 5.914702 14.786755 8.872053 8.872053 14.786755
12 3 11.829404 5.914702 14.786755 11.829404 8.872053 14.786755
12 4 11.829404 5.914702 14.786755 14.786755 8.872053 14.786755
12 5 11.829404 5.914702 14.786755 8.872053 2.957351 17.744106
12 6 11.829404 5.914702 14.786755 11.829404 2.957351 17.744106
12 7 11.829404 5.914702 14.786755 14.786755 2.957351 17.744106
12 8 11.829404 5.914702 14.786755 8.872053 5.914702 17.744106
12 9 11.829404 5.914702 14.786755 11.829404 5.914702 17.744106
12 10 11.829404 5.914702 14.786755 14.786755 5.914702 17.744106
12 11 11.829404 5.914702 14.786755 8.872053 8.872053 17.744106
12 12 11.829404 5.914702 14.786755 11.829404 8.872053 17.744106
12 13 11.829404 5.914702 14.786755 14.786755 8.872053 17.744106
13 0 14.786755 5.914702 14.786755 14.786755 5.914702 14.786755
13 1 14.786755 5.914702 14.786755 17.744106 5.914702 14.786755
13 2 14.786755 5.914702 14.786755 11.829404 8.872053 14.786755
13 3 14.786755 5.914702 14.786755 14.786755 8.872053 14.786755
13 4 14.786755 5.914702 14.786755 17.744106 8.872053 14.786755
13 5 14.786755 5.914702 14.786755 11.829404 2.957351 17.744106
13 6 14.786755 5.914702 14.786755 14.786755 2.957351 17.744106
13 7 14.786755 5.914702 14.786755 17.744106 2.957351 17.744106
13 8 14.786755 5.914702 14.786755 11.829404 5.914702 17.744106
13 9 14.786755 5.914702 14.786755 14.786755 5.914702 17.744106
13 10 14.786755 5.914702 14.786755 17.744106 5.914702 17.744106
13 11 14.786755 5.914702 14.786755 11.829404 8.872053 17.744106
13 12 14.786755 5.914702 14.786755 14.786755 8.872053 17.744106
13 13 14.786755 5.914702 14.786755 17.744106 8.872053 17.744106
14 0 17.744106 5.914702 14.786755 17.744106 5.914702 14.786755
14 1 17.744106 5.914702 14.786755 20.701458 5.914702 14.786755
14 2 17.744106 5.914702 14.786755 14.786755 8.872053 14.786755
14 3 17.744106 5.914702 14.786755 17.744106 8.872053 14.786755
14 4 17.744106 5.914702 14.786755 20.701458 8.872053 14.786755
14 5 17.744106 5.914702 14.786755 14.786755 2.957351 17.744106
14 6 17.744106 5.914702 14.786755 17.744106 2.957351 17.744106
14 7 17.744106 5.914702 14.786755 20.701458 2.957351 17.744106
14 8 17.744106 5.914702 14.786755 14.786755 5.914702 17.744106
14 9 17.744106 5.914702 14.786755 17.744106 5.914702 17.744106
14 10 17.744106 5.914702 14.786755 20.701458 5.914702 17.744106
14 11 17.744106 5.914702 14.786755 14.786755 8.872053 17.744106
14 12 17.744106 5.914702 14.786755 17.744106 8.872053 17.744106
14 13 17.744106 5.914702 14.786755 20.701458 8.872053 17.744106
15 0 11.829404 8.872053 14.786755 11.829404 8.872053 14.786755
15 1 11.829404 8.872053 14.786755 14.786755 8.872053 14.786755
15 2 11.829404 8.872053 14.786755 8.872053 11.829404 14.786755
15 3 11.829404 8.872053 14.786755 11.829404 11.829404 14.786755
15 4 11.829404 8.872053 14.786755 14.786755 11.829404 14.786755
15 5 11.829404 8.872053 14.786755 8.872053 5.914702 17.744106
15 6 11.829404 8.872053 14.786755 11.829404 5.914702 17.744106
15 7 11.829404 8.872053 14.786755 14.786755 5.914702 17.744106
15 8 11.829404 8.872053 14.786755 8.872053 8.872053 17.744106
15 9 11.829404 8.872053 14.786755 11.829404 8.872053 17.744106
15 10 11.829404 8.872053 14.786755 14.786755 8.872053 17.744106
15 11 11.829404 8.872053 14.786755 8.872053 11.829404 17.744106
15 12 11.829404 8.872053 14.786755 11.829404 11.829404 17.744106
15 13 11.829404 8.872053 14.786755 14.786755 11.829404 17.744106
16 0 14.786755 8.872053 14.786755 14.786755 8.872053 14.786755
16 1 14.786755 8.872053 14.786755 17.744106 8.872053 14.786755
16 2 14.786755 8.872053 14.786755 11.829404 11.829404 14.786755
16 3 14.786755 8.872053 14.786755 14.786755 11.829404 14.786755
16 4 14.786755 8.872053 14.786755 17.744106 11.829404 14.786755
16 5 14.786755 8.872053 14.786755 11.829404 5.914702 17.744106
16 6 14.786755 8.872053 14.786755 14.786755 5.914702 17.744106
16 7 14.786755 8.872053 14.786755 17.744106 5.914702 17.744106
16 8 14.786755 8.872053 14.786755 11.829404 8.872053 17.744106
16 9 14.786755 8.872053 14.786755 14.786755 8.872053 17.744106
16 10 14.786755 8.872053 14.786755 17.744106 8.872053 17.744106
16 11 14.786755 8.872053 14.786755 11.829404 11.829404 17.744106
16 12 14.786755 8.872053 14.786755 14.786755 11.829404 17.744106
16 13 14.786755 8.872053 14.786755 17.744106 11.829404 17.744106
17 0 17.744106 8.872053 14.786755 17.744106 8.872053 14.786755
17 1 17.744106 8.872053 14.786755 20.701458 8.872053 14.786755
17 2 17.744106 8.872053 14.786755 14.786755 11.829404 14.786755
17 3 17.744106 8.872053 14.786755 17.744106 11.829404 14.786755
17 4 17.744106 8.872053 14.786755 20.701458 11.829404 14.786755
17 5 17.744106 8.872053 14.786755 14.786755 5.914702 17.744106
17 6 17.744106 8.872053 14.786755 17.744106 5.914702 17.744106
17 7 17.744106 8.872053 14.786755 20.701458 5.914702 17.744106
17 8 17.744106 8.872053 14.786755 14.786755 8.872053 17.744106
17 9 17.744106 8.872053 14.786755 17.744106 8.872053 17.744106
17 10 17.744106 8.872053 14.786755 20.701458 8.872053 17.744106
17 11 17.744106 8.872053 14.786755 14.786755 11.829404 17.744106
17 12 17.744106 8.872053 14.786755 17.744106 11.829404 17.744106
17 13 17.744106 8.872053 14.786755 20.701458 11.829404 17.744106
18 0 11.829404 2.957351 17.744106 11.829404 2.957351 17.744106
18 1 11.829404 2.957351 17.744106 14.786755 2.957351 17.744106
18 2 11.829404 2.957351 17.744106 8.872053 5.914702 17.744106
18 3 11.829404 2.957351 17.744106 11.829404 5.914702 17.744106
18 4 11.829404 2.957351 17.744106 14.786755 5.914702 17.744106
18 5 11.829404 2.957351 17.744106 8.872053 0.000000 20.701458
18 6 11.829404 2.957351 17.744106 11.829404 0.000000 20.701458
18 7 11.829404 2.957351 17.744106 14.786755 0.000000 20.701458
18 8 11.829404 2.957351 17.744106 8.872053 2.957351 20.701458
18 9 11.829404 2.957351 17.744106 11.829404 2.957351 20.701458
18 10 11.829404 2.957351 17.744106 14.786755 2.957351 20.701458
18 11 11.829404 2.957351 17.744106 8.872053 5.914702 20.701458
18 12 11.829404 2.957351 17.744106 11.829404 5.914702 20.701458
18 13 11.829404 2.957351 17.744106 14.786755 5.914702 20.701458
19 0 14.786755 2.957351 17.744106 14.786755 2.957351 17.744106
19 1 14.786755 2.957351 17.744106 17.744106 2.957351 17.744106
19 2 14.786755 2.957351 17.744106 11.829404 5.914702 17.744106
19 3 14.786755 2.957351 17.744106 14.786755 5.914702 17.744106
19 4 14.786755 2.957351 17.744106 17.744106 5.914702 17.744106
19 5 14.786755 2.957351 17.744106 11.829404 0.000000 20.701458
19 6 14.786755 2.957351 17.744106 14.786755 0.000000 20.701458
19 7 14.786755 2.957351 17.744106 17.744106 0.000000 20.701458
19 8 14.786755 2.957351 17.744106 11.829404 2.957351 20.701458
19 9 14.786755 2.957351 17.744106 14.786755 2.957351 20.701458
19 10 14.786755 2.957351 17.744106 17.744106 2.957351 20.701458
19 11 14.786755 2.957351 17.744106 11.829404 5.914702 20.701458
19 12 14.786755 2.957351 17.744106 14.786755 5.914702 20.701458
19 13 14.786755 2.957351 17.744106 17.744106 5.914702 20.701458
20 0 17.744106 2.957351 17.744106 17.744106 2.957351 17.744106
20 1 17.744106 2.957351 17.744106 20.701458 2.957351 17.744106
20 2 17.744106 2.957351 17.744106 14.786755 5.914702 17.744106
20 3 17.744106 2.957351 17.744106 17.744106 5.914702 17.744106
20 4 17.744106 2.957351 17.744106 20.701458 5.914702 17.744106
20 5 17.744106 2.957351 17.744106 14.786755 0.000000 20.701458
20 6 17.744106 2.957351 17.744106 17.744106 0.000000 20.701458
20 7 17.744106 2.957351 17.744106 20.701458 0.000000 20.701458
20 8 17.744106 2.957351 17.744106 14.786755 2.957351 20.701458
20 9 17.744106 2.957351 17.744106 17.744106 2.957351 20.701458
20 10 17.744106 2.957351 17.744106 20.701458 2.957351 20.701458
20 11 17.744106 2.957351 17.744106 14.786755 5.914702 20.701458
20 12 17.744106 2.957351 17.744106 17.744106 5.914702 20.701458
20 13 17.744106 2.957351 17.744106 20.701458 5.914702 20.701458
21 0 11.829404 5.914702 17.744106 11.829404 5.914702 17.744106
21 1 11.829404 5.914702 17.744106 14.786755 5.914702 17.744106
21 2 11.829404 5.914702 17.744106 8.872053 8.872053 17.744106
21 3 11.829404 5.914702 17.744106 11.829404 8.872053 17.744106
21 4 11.829404 5.914702 17.744106 14.786755 8.872053 17.744106
21 5 11.829404 5.914702 17.744106 8.872053 2.957351 20.701458
21 6 11.829404 5.914702 17.744106 11.829404 2.957351 20.701458
21 7 11.829404 5.914702 17.744106 14.786755 2.957351 20.701458
21 8 11.829404 5.914702 17.744106 8.872053 5.914702 20.701458
21 9 11.829404 5.914702 17.744106 11.829404 5.914702 20.701458
21 10 11.829404 5.914702 17.744106 14.786755 5.914702 20.701458
21 11 11.829404 5.914702 17.744106 8.872053 8.872053 20.701458
21 12 11.829404 5.914702 17.744106 11.829404 8.872053 20.701458
21 13 11.829404 5.914702 17.744106 14.786755 8.872053 20.701458
22 0 14.786755 5.914702 17.744106 14.786755 5.914702 17.744106
22 1 14.786755 5.914702 17.744106 17.744106 5.914702 17.744106
22 2 14.786755 5.914702 17.744106 11.829404 8.872053 17.744106
22 3 14.786755 5.914702 17.744106 14.786755 8.872053 17.744106
22 4 14.786755 5.914702 17.744106 17.744106 8.872053 17.744106
22 5 14.786755 5.914702 17.744106 11.829404 2.957351 20.701458
22 6 14.786755 5.914702 17.744106 14.786755 2.957351 20.701458
22 7 14.786755 5.914702 17.744106 17.744106 2.957351 20.701458
22 8 14.786755 5.914702 17.744106 11.829404 5.914702 20.701458
22 9 14.786755 5.914702 17.744106 14.786755 5.914702 20.701458
22 10 14.786755 5.914702 17.744106 17.744106 5.914702 20.701458
22 11 14.786755 5.914702 17.744106 11.829404 8.872053 20.701458
22 12 14.786755 5.914702 17.744106 14.786755 8.872053 20.701458
22 13 14.786755 5.914702 17.744106 17.744106 8.872053 20.701458
23 0 17.744106 5.914702 17.744106 17.744106 5.914702 17.744106
23 1 17.744106 5.914702 17.744106 20.701458 5.914702 17.744106
23 2 17.744106 5.914702 17.744106 14.786755 8.872053 17.744106
23 3 17.744106 5.914702 17.744106 17.744106 8.872053 17.744106
23 4 17.744106 5.914702 17.744106 20.701458 8.872053 17.744106
23 5 17.744106 5.914702 17.744106 14.786755 2.957351 20.701458
23 6 17.744106 5.914702 17.744106 17.744106 2.957351 20.701458
23 7 17.744106 5.914702 17.744106 20.701458 2.957351 20.701458
23 8 17.744106 5.914702 17.744106 14.786755 5.914702 20.701458
23 9 17.744106 5.914702 17.744106 17.744106 5.914702 20.701458
23 10 17.744106 5.914702 17.744106 20.701458 5.914702 20.701458
23 11 17.744106 5.914702 17.744106 14.786755 8.872053 20.701458
23 12 17.744106 5.914702 17.744106 17.744106 8.872053 20.701458
23 13 17.744106 5.914702 17.744106 20.701458 8.872053 20.701458
24 0 11.829404 8.872053 17.744106 11.829404 8.872053 17.744106
24 1 11.829404 8.872053 17.744106 14.786755 8.872053 17.744106
24 2 11.829404 8.872053 17.744106 8.872053 11.829404 17.744106
24 3 11.829404 8.872053 17.744106 11.829404 11.829404 17.744106
24 4 11.829404 8.872053 17.744106 14.786755 11.829404 17.744106
24 5 11.829404 8.872053 17.744106 8.872053 5.914702 20.701458
24 6 11.829404 8.872053 17.744106 11.829404 5.914702 20.701458
24 7 11.829404 8.872053 17.744106 14.786755 5.914702 20.701458
24 8 11.829404 8.872053 17.744106 8.872053 8.872053 20.701458
24 9 11.829404 8.872053 17.744106 11.829404 8.872053 20.701458
24 10 11.829404 8.872053 17.744106 14.786755 8.872053 20.701458
24 11 11.829404 8.872053 17.744106 8.872053 11.829404 20.701458
24 12 11.829404 8.872053 17.744106 11.829404 11.829404 20.701458
24 13 11.829404 8.872053 17.744106 14.786755 11.829404 20.701458
25 0 14.786755 8.872053 17.744106 14.786755 8.872053 17.744106
25 1 14.786755 8.872053 17.744106 17.744106 8.872053 17.744106
25 2 14.786755 8.872053 17.744106 11.829404 11.829404 17.744106
25 3 14.786755 8.872053 17.744106 14.786755 11.829404 17.744106
25 4 14.786755 8.872053 17.744106 17.744106 11.829404 17.744106
25 5 14.786755 8.872053 17.744106 11.829404 5.914702 20.701458
25 6 14.786755 8.872053 17.744106 14.786755 5.914702 20.701458
25 7 14.786755 8.872053 17.744106 17.744106 5.914702 20.701458
25 8 14.786755 8.872053 17.744106 11.829404 8.872053 20.701458
25 9 14.786755 8.872053 17.744106 14.786755 8.872053 20.701458
25 10 14.786755 8.872053 17.744106 17.744106 8.872053 20.701458
25 11 14.786755 8.872053 17.744106 11.829404 11.829404 20.701458
25 12 14.786755 8.872053 17.744106 14.786755 11.829404 20.701458
25 13 14.786755 8.872053 17.744106 17.744106 11.829404 20.701458
26 0 17.744106 8.872053 17.744106 17.744106 8.872053 17.744106
26 1 17.744106 8.872053 17.744106 20.701458 8.872053 17.744106
26 2 17.744106 8.872053 17.744106 14.786755 11.829404 17.744106
26 3 17.744106 8.872053 17.744106 17.744106 11.829404 17.744106
26 4 17.744106 8.872053 17.744106 20.701458 11.829404 17.744106
26 5 17.744106 8.872053 17.744106 14.786755 5.914702 20.701458
26 6 17.744106 8.872053 17.744106 17.744106 5.914702 20.701458
26 7 17.744106 8.872053 17.744106 20.701458 5.914702 20.701458
26 8 17.744106 8.872053 17.744106 14.786755 8.872053 20.701458
26 9 17.744106 8.872053 17.744106 17.744106 8.872053 20.701458
26 10 17.744106 8.872053 17.744106 20.701458 8.872053 20.701458
26 11 17.744106 8.872053 17.744106 14.786755 11.829404 20.701458
26 12 17.744106 8.872053 17.744106 17.744106 11.829404 20.701458
26 13 17.744106 8.872053 17.744106 20.701458 11.829404 20.701458
