0 0 2.614964 2.614964 2.614964 2.614964 2.614964 2.614964
0 1 2.614964 2.614964 2.614964 5.229928 2.614964 2.614964
0 2 2.614964 2.614964 2.614964 0.000000 5.229928 2.614964
0 3 2.614964 2.614964 2.614964 2.614964 5.229928 2.614964
0 4 2.614964 2.614964 2.614964 5.229928 5.229928 2.614964
0 5 2.614964 2.614964 2.614964 0.000000 0.000000 5.229928
0 6 2.614964 2.614964 2.614964 2.614964 0.000000 5.229928
0 7 2.614964 2.614964 2.614964 5.229928 0.000000 5.229928
0 8 2.614964 2.614964 2.614964 0.000000 2.614964 5.229928
0 9 2.614964 2.614964 2.614964 2.614964 2.614964 5.229928
0 10 2.614964 2.614964 2.614964 5.229928 2.614964 5.229928
0 11 2.614964 2.614964 2.614964 0.000000 5.229928 5.229928
0 12 2.614964 2.614964 2.614964 2.614964 5.229928 5.229928
0 13 2.614964 2.614964 2.614964 5.229928 5.229928 5.229928
1 0 5.229928 2.614964 2.614964 5.229928 2.614964 2.614964
1 1 5.229928 2.614964 2.614964 7.844892 2.614964 2.614964
1 2 5.229928 2.614964 2.614964 2.614964 5.229928 2.614964
1 3 5.229928 2.614964 2.614964 5.229928 5.229928 2.614964
1 4 5.229928 2.614964 2.614964 7.844892 5.229928 2.614964
1 5 5.229928 2.614964 2.614964 2.614964 0.000000 5.229928
1 6 5.229928 2.614964 2.614964 5.229928 0.000000 5.229928
1 7 5.229928 2.614964 2.614964 7.844892 0.000000 5.229928
1 8 5.229928 2.614964 2.614964 2.614964 2.614964 5.229928
1 9 5.229928 2.614964 2.614964 5.229928 2.614964 5.229928
1 10 5.229928 2.614964 2.614964 7.844892 2.614964 5.229928
1 11 5.229928 2.614964 2.614964 2.614964 5.229928 5.229928
1 12 5.229928 2.614964 2.614964 5.229928 5.229928 5.229928
1 13 5.229928 2.614964 2.614964 7.844892 5.229928 5.229928
2 0 7.844892 2.614964 2.614964 7.844892 2.614964 2.614964
2 1 7.844892 2.614964 2.614964 10.459856 2.614964 2.614964
2 2 7.844892 2.614964 2.614964 5.229928 5.229928 2.614964
2 3 7.844892 2.614964 2.614964 7.844892 5.229928 2.614964
2 4 7.844892 2.614964 2.614964 10.459856 5.229928 2.614964
2 5 7.844892 2.614964 2.614964 5.229928 0.000000 5.229928
2 6 7.844892 2.614964 2.614964 7.844892 0.000000 5.229928
2 7 7.844892 2.614964 2.614964 10.459856 0.000000 5.229928
2 8 7.844892 2.614964 2.614964 5.229928 2.614964 5.229928
2 9 7.844892 2.614964 2.614964 7.844892 2.614964 5.229928
2 10 7.844892 2.614964 2.614964 10.459856 2.614964 5.229928
2 11 7.844892 2.614964 2.614964 5.229928 5.229928 5.229928
2 12 7.844892 2.614964 2.614964 7.844892 5.229928 5.229928
2 13 7.844892 2.614964 2.614964 10.459856 5.229928 5.229928
3 0 10.459856 2.614964 2.614964 10.459856 2.614964 2.614964
3 1 10.459856 2.614964 2.614964 13.074820 2.614964 2.614964
3 2 10.459856 2.614964 2.614964 7.844892 5.229928 2.614964
3 3 10.459856 2.614964 2.614964 10.459856 5.229928 2.614964
3 4 10.459856 2.614964 2.614964 13.074820 5.229928 2.614964
3 5 10.459856 2.614964 2.614964 7.844892 0.000000 5.229928
3 6 10.459856 2.614964 2.614964 10.459856 0.000000 5.229928
3 7 10.459856 2.614964 2.614964 13.074820 0.000000 5.229928
3 8 10.459856 2.614964 2.614964 7.844892 2.614964 5.229928
3 9 10.459856 2.614964 2.614964 10.459856 2.614964 5.229928
3 10 10.459856 2.614964 2.614964 13.074820 2.614964 5.229928
3 11 10.459856 2.614964 2.614964 7.844892 5.229928 5.229928
3 12 10.459856 2.614964 2.614964 10.459856 5.229928 5.229928
3 13 10.459856 2.614964 2.614964 13.074820 5.229928 5.229928
4 0 2.614964 5.229928 2.614964 2.614964 5.229928 2.614964
4 1 2.614964 5.229928 2.614964 5.229928 5.229928 2.614964
4 2 2.614964 5.229928 2.614964 0.000000 7.844892 2.614964
4 3 2.614964 5.229928 2.614964 2.614964 7.844892 2.614964
4 4 2.614964 5.229928 2.614964 5.229928 7.844892 2.614964
4 5 2.614964 5.229928 2.614964 0.000000 2.614964 5.229928
4 6 2.614964 5.229928 2.614964 2.614964 2.614964 5.229928
4 7 2.614964 5.229928 2.614964 5.229928 2.614964 5.229928
4 8 2.614964 5.229928 2.614964 0.000000 5.229928 5.229928
4 9 2.614964 5.229928 2.614964 2.614964 5.229928 5.229928
4 10 2.614964 5.229928 2.614964 5.229928 5.229928 5.229928
4 11 2.614964 5.229928 2.614964 0.000000 7.844892 5.229928
4 12 2.614964 5.229928 2.614964 2.614964 7.844892 5.229928
4 13 2.614964 5.229928 2.614964 5.229928 7.844892 5.229928
5 0 5.229928 5.229928 2.614964 5.229928 5.229928 2.614964
5 1 5.229928 5.229928 2.614964 7.844892 5.229928 2.614964
5 2 5.229928 5.229928 2.614964 2.614964 7.844892 2.614964
5 3 5.229928 5.229928 2.614964 5.229928 7.844892 2.614964
5 4 5.229928 5.229928 2.614964 7.844892 7.844892 2.614964
5 5 5.229928 5.229928 2.614964 2.614964 2.614964 5.229928
5 6 5.229928 5.229928 2.614964 5.229928 2.614964 5.229928
5 7 5.229928 5.229928 2.614964 7.844892 2.614964 5.229928
5 8 5.229928 5.229928 2.614964 2.614964 5.229928 5.229928
5 9 5.229928 5.229928 2.614964 5.229928 5.229928 5.229928
5 10 5.229928 5.229928 2.614964 7.844892 5.229928 5.229928
5 11 5.229928 5.229928 2.614964 2.614964 7.844892 5.229928
5 12 5.229928 5.229928 2.614964 5.229928 7.844892 5.229928
5 13 5.229928 5.229928 2.614964 7.844892 7.844892 5.229928
6 0 7.844892 5.229928 2.614964 7.844892 5.229928 2.614964
6 1 7.844892 5.229928 2.614964 10.459856 5.229928 2.614964
6 2 7.844892 5.229928 2.614964 5.229928 7.844892 2.614964
6 3 7.844892 5.229928 2.614964 7.844892 7.844892 2.614964
6 4 7.844892 5.229928 2.614964 10.459856 7.844892 2.614964
6 5 7.844892 5.229928 2.614964 5.229928 2.614964 5.229928
6 6 7.844892 5.229928 2.614964 7.844892 2.614964 5.229928
6 7 7.844892 5.229928 2.614964 10.459856 2.614964 5.229928
6 8 7.844892 5.229928 2.614964 5.229928 5.229928 5.229928
6 9 7.844892 5.229928 2.614964 7.844892 5.229928 5.229928
6 10 7.844892 5.229928 2.614964 10.459856 5.229928 5.229928
6 11 7.844892 5.229928 2.614964 5.229928 7.844892 5.229928
6 12 7.844892 5.229928 2.614964 7.844892 7.844892 5.229928
6 13 7.844892 5.229928 2.614964 10.459856 7.844892 5.229928
7 0 10.459856 5.229928 2.614964 10.459856 5.229928 2.614964
7 1 10.459856 5.229928 2.614964 13.074820 5.229928 2.614964
7 2 10.459856 5.229928 2.614964 7.844892 7.844892 2.614964
7 3 10.459856 5.229928 2.614964 10.459856 7.844892 2.614964
7 4 10.459856 5.229928 2.614964 13.074820 7.844892 2.614964
7 5 10.459856 5.229928 2.614964 7.844892 2.614964 5.229928
7 6 10.459856 5.229928 2.614964 10.459856 2.614964 5.229928
7 7 10.459856 5.229928 2.614964 13.074820 2.614964 5.229928
7 8 10.459856 5.229928 2.614964 7.844892 5.229928 5.229928
7 9 10.459856 5.229928 2.614964 10.459856 5.229928 5.229928
7 10 10.459856 5.229928 2.614964 13.074820 5.229928 5.229928
7 11 10.459856 5.229928 2.614964 7.844892 7.844892 5.229928
7 12 10.459856 5.229928 2.614964 10.459856 7.844892 5.229928
7 13 10.459856 5.229928 2.614964 13.074820 7.844892 5.229928
8 0 2.614964 7.844892 2.614964 2.614964 7.844892 2.614964
8 1 2.614964 7.844892 2.614964 5.229928 7.844892 2.614964
8 2 2.614964 7.844892 2.614964 0.000000 10.459856 2.614964
8 3 2.614964 7.844892 2.614964 2.614964 10.459856 2.614964
8 4 2.614964 7.844892 2.614964 5.229928 10.459856 2.614964
8 5 2.614964 7.844892 2.614964 0.000000 5.229928 5.229928
8 6 2.614964 7.844892 2.614964 2.614964 5.229928 5.229928
8 7 2.614964 7.844892 2.614964 5.229928 5.229928 5.229928
8 8 2.614964 7.844892 2.614964 0.000000 7.844892 5.229928
8 9 2.614964 7.844892 2.614964 2.614964 7.844892 5.229928
8 10 2.614964 7.844892 2.614964 5.229928 7.844892 5.229928
8 11 2.614964 7.844892 2.614964 0.000000 10.459856 5.229928
8 12 2.614964 7.844892 2.614964 2.614964 10.459856 5.229928
8 13 2.614964 7.844892 2.614964 5.229928 10.459856 5.229928
9 0 5.229928 7.844892 2.614964 5.229928 7.844892 2.614964
9 1 5.229928 7.844892 2.614964 7.844892 7.844892 2.614964
9 2 5.229928 7.844892 2.614964 2.614964 10.459856 2.614964
9 3 5.229928 7.844892 2.614964 5.229928 10.459856 2.614964
9 4 5.229928 7.844892 2.614964 7.844892 10.459856 2.614964
9 5 5.229928 7.844892 2.614964 2.614964 5.229928 5.229928
9 6 5.229928 7.844892 2.614964 5.229928 5.229928 5.229928
9 7 5.229928 7.844892 2.614964 7.844892 5.229928 5.229928
9 8 5.229928 7.844892 2.614964 2.614964 7.844892 5.229928
9 9 5.229928 7.844892 2.614964 5.229928 7.844892 5.229928
9 10 5.229928 7.844892 2.614964 7.844892 7.844892 5.229928
9 11 5.229928 7.844892 2.614964 2.614964 10.459856 5.229928
9 12 5.229928 7.844892 2.614964 5.229928 10.459856 5.229928
9 13 5.229928 7.844892 2.614964 7.844892 10.459856 5.229928
10 0 7.844892 7.844892 2.614964 7.844892 7.844892 2.614964
10 1 7.844892 7.844892 2.614964 10.459856 7.844892 2.614964
10 2 7.844892 7.844892 2.614964 5.229928 10.459856 2.614964
10 3 7.844892 7.844892 2.614964 7.844892 10.459856 2.614964
10 4 7.844892 7.844892 2.614964 10.459856 10.459856 2.614964
10 5 7.844892 7.844892 2.614964 5.229928 5.229928 5.229928
10 6 7.844892 7.844892 2.614964 7.844892 5.229928 5.229928
10 7 7.844892 7.844892 2.614964 10.459856 5.229928 5.229928
10 8 7.844892 7.844892 2.614964 5.229928 7.844892 5.229928
10 9 7.844892 7.844892 2.614964 7.844892 7.844892 5.229928
10 10 7.844892 7.844892 2.614964 10.459856 7.844892 5.229928
10 11 7.844892 7.844892 2.614964 5.229928 10.459856 5.229928
10 12 7.844892 7.844892 2.614964 7.844892 10.459856 5.229928
10 13 7.844892 7.844892 2.614964 10.459856 10.459856 5.229928
11 0 10.459856 7.844892 2.614964 10.459856 7.844892 2.614964
11 1 10.459856 7.844892 2.614964 13.074820 7.844892 2.614964
11 2 10.459856 7.844892 2.614964 7.844892 10.459856 2.614964
11 3 10.459856 7.844892 2.614964 10.459856 10.459856 2.614964
11 4 10.459856 7.844892 2.614964 13.074820 10.459856 2.614964
11 5 10.459856 7.844892 2.614964 7.844892 5.229928 5.229928
11 6 10.459856 7.844892 2.614964 10.459856 5.229928 5.229928
11 7 10.459856 7.844892 2.614964 13.074820 5.229928 5.229928
11 8 10.459856 7.844892 2.614964 7.844892 7.844892 5.229928
11 9 10.459856 7.844892 2.614964 10.459856 7.844892 5.229928
11 10 10.459856 7.844892 2.614964 13.074820 7.844892 5.229928
11 11 10.459856 7.844892 2.614964 7.844892 10.459856 5.229928
11 12 10.459856 7.844892 2.614964 10.459856 10.459856 5.229928
11 13 10.459856 7.844892 2.614964 13.074820 10.459856 5.229928
12 0 2.614964 10.459856 2.614964 2.614964 10.459856 2.614964
12 1 2.614964 10.459856 2.614964 5.229928 10.459856 2.614964
12 2 2.614964 10.459856 2.614964 0.000000 13.074820 2.614964
12 3 2.614964 10.459856 2.614964 2.614964 13.074820 2.614964
12 4 2.614964 10.459856 2.614964 5.229928 13.074820 2.614964
12 5 2.614964 10.459856 2.614964 0.000000 7.844892 5.229928
12 6 2.614964 10.459856 2.614964 2.614964 7.844892 5.229928
12 7 2.614964 10.459856 2.614964 5.229928 7.844892 5.229928
12 8 2.614964 10.459856 2.614964 0.000000 10.459856 5.229928
12 9 2.614964 10.459856 2.614964 2.614964 10.459856 5.229928
12 10 2.614964 10.459856 2.614964 5.229928 10.459856 5.229928
12 11 2.614964 10.459856 2.614964 0.000000 13.074820 5.229928
12 12 2.614964 10.459856 2.614964 2.614964 13.074820 5.229928
12 13 2.614964 10.459856 2.614964 5.229928 13.074820 5.229928
13 0 5.229928 10.459856 2.614964 5.229928 10.459856 2.614964
13 1 5.229928 10.459856 2.614964 7.844892 10.459856 2.614964
13 2 5.229928 10.459856 2.614964 2.614964 13.074820 2.614964
13 3 5.229928 10.459856 2.614964 5.229928 13.074820 2.614964
13 4 5.229928 10.459856 2.614964 7.844892 13.074820 2.614964
13 5 5.229928 10.459856 2.614964 2.614964 7.844892 5.229928
13 6 5.229928 10.459856 2.614964 5.229928 7.844892 5.229928
13 7 5.229928 10.459856 2.614964 7.844892 7.844892 5.229928
13 8 5.229928 10.459856 2.614964 2.614964 10.459856 5.229928
13 9 5.229928 10.459856 2.614964 5.229928 10.459856 5.229928
13 10 5.229928 10.459856 2.614964 7.844892 10.459856 5.229928
13 11 5.229928 10.459856 2.614964 2.614964 13.074820 5.229928
13 12 5.229928 10.459856 2.614964 5.229928 13.074820 5.229928
13 13 5.229928 10.459856 2.614964 7.844892 13.074820 5.229928
14 0 7.844892 10.459856 2.614964 7.844892 10.459856 2.614964
14 1 7.844892 10.459856 2.614964 10.459856 10.459856 2.614964
14 2 7.844892 10.459856 2.614964 5.229928 13.074820 2.614964
14 3 7.844892 10.459856 2.614964 7.844892 13.074820 2.614964
14 4 7.844892 10.459856 2.614964 10.459856 13.074820 2.614964
14 5 7.844892 10.459856 2.614964 5.229928 7.844892 5.229928
14 6 7.844892 10.459856 2.614964 7.844892 7.844892 5.229928
14 7 7.844892 10.459856 2.614964 10.459856 7.844892 5.229928
14 8 7.844892 10.459856 2.614964 5.229928 10.459856 5.229928
14 9 7.844892 10.459856 2.614964 7.844892 10.459856 5.229928
14 10 7.844892 10.459856 2.614964 10.459856 10.459856 5.229928
14 11 7.844892 10.459856 2.614964 5.229928 13.074820 5.229928
14 12 7.844892 10.459856 2.614964 7.844892 13.074820 5.229928
14 13 7.844892 10.459856 2.614964 10.459856 13.074820 5.229928
15 0 10.459856 10.459856 2.614964 10.459856 10.459856 2.614964
15 1 10.459856 10.459856 2.614964 13.074820 10.459856 2.614964
15 2 10.459856 10.459856 2.614964 7.844892 13.074820 2.614964
15 3 10.459856 10.459856 2.614964 10.459856 13.074820 2.614964
15 4 10.459856 10.459856 2.614964 13.074820 13.074820 2.614964
15 5 10.459856 10.459856 2.614964 7.844892 7.844892 5.229928
15 6 10.459856 10.459856 2.614964 10.459856 7.844892 5.229928
15 7 10.459856 10.459856 2.614964 13.074820 7.844892 5.229928
15 8 10.459856 10.459856 2.614964 7.844892 10.459856 5.229928
15 9 10.459856 10.459856 2.614964 10.459856 10.459856 5.229928
15 10 10.459856 10.459856 2.614964 13.074820 10.459856 5.229928
15 11 10.459856 10.459856 2.614964 7.844892 13.074820 5.229928
15 12 10.459856 10.459856 2.614964 10.459856 13.074820 5.229928
15 13 10.459856 10.459856 2.614964 13.074820 13.074820 5.229928
16 0 2.614964 2.614964 5.229928 2.614964 2.614964 5.229928
16 1 2.614964 2.614964 5.229928 5.229928 2.614964 5.229928
16 2 2.614964 2.614964 5.229928 0.000000 5.229928 5.229928
16 3 2.614964 2.614964 5.229928 2.614964 5.229928 5.229928
16 4 2.614964 2.614964 5.229928 5.229928 5.229928 5.229928
16 5 2.614964 2.614964 5.229928 0.000000 0.000000 7.844892
16 6 2.614964 2.614964 5.229928 2.614964 0.000000 7.844892
16 7 2.614964 2.614964 5.229928 5.229928 0.000000 7.844892
16 8 2.614964 2.614964 5.229928 0.000000 2.614964 7.844892
16 9 2.614964 2.614964 5.229928 2.614964 2.614964 7.844892
16 10 2.614964 2.614964 5.229928 5.229928 2.614964 7.844892
16 11 2.614964 2.614964 5.229928 0.000000 5.229928 7.844892
16 12 2.614964 2.614964 5.229928 2.614964 5.229928 7.844892
16 13 2.614964 2.614964 5.229928 5.229928 5.229928 7.844892
17 0 5.229928 2.614964 5.229928 5.229928 2.614964 5.229928
17 1 5.229928 2.614964 5.229928 7.844892 2.614964 5.229928
17 2 5.229928 2.614964 5.229928 2.614964 5.229928 5.229928
17 3 5.229928 2.614964 5.229928 5.229928 5.229928 5.229928
17 4 5.229928 2.614964 5.229928 7.844892 5.229928 5.229928
17 5 5.229928 2.614964 5.229928 2.614964 0.000000 7.844892
17 6 5.229928 2.614964 5.229928 5.229928 0.000000 7.844892
17 7 5.229928 2.614964 5.229928 7.844892 0.000000 7.844892
17 8 5.229928 2.614964 5.229928 2.614964 2.614964 7.844892
17 9 5.229928 2.614964 5.229928 5.229928 2.614964 7.844892
17 10 5.229928 2.614964 5.229928 7.844892 2.614964 7.844892
17 11 5.229928 2.614964 5.229928 2.614964 5.229928 7.844892
17 12 5.229928 2.614964 5.229928 5.229928 5.229928 7.844892
17 13 5.229928 2.614964 5.229928 7.844892 5.229928 7.844892
18 0 7.844892 2.614964 5.229928 7.844892 2.614964 5.229928
18 1 7.844892 2.614964 5.229928 10.459856 2.614964 5.229928
18 2 7.844892 2.614964 5.229928 5.229928 5.229928 5.229928
18 3 7.844892 2.614964 5.229928 7.844892 5.229928 5.229928
18 4 7.844892 2.614964 5.229928 10.459856 5.229928 5.229928
18 5 7.844892 2.614964 5.229928 5.229928 0.000000 7.844892
18 6 7.844892 2.614964 5.229928 7.844892 0.000000 7.844892
18 7 7.844892 2.614964 5.229928 10.459856 0.000000 7.844892
18 8 7.844892 2.614964 5.229928 5.229928 2.614964 7.844892
18 9 7.844892 2.614964 5.229928 7.844892 2.614964 7.844892
18 10 7.844892 2.614964 5.229928 10.459856 2.614964 7.844892
18 11 7.844892 2.614964 5.229928 5.229928 5.229928 7.844892
18 12 7.844892 2.614964 5.229928 7.844892 5.229928 7.844892
18 13 7.844892 2.614964 5.229928 10.459856 5.229928 7.844892
19 0 10.459856 2.614964 5.229928 10.459856 2.614964 5.229928
19 1 10.459856 2.614964 5.229928 13.074820 2.614964 5.229928
19 2 10.459856 2.614964 5.229928 7.844892 5.229928 5.229928
19 3 10.459856 2.614964 5.229928 10.459856 5.229928 5.229928
19 4 10.459856 2.614964 5.229928 13.074820 5.229928 5.229928
19 5 10.459856 2.614964 5.229928 7.844892 0.000000 7.844892
19 6 10.459856 2.614964 5.229928 10.459856 0.000000 7.844892
19 7 10.459856 2.614964 5.229928 13.074820 0.000000 7.844892
19 8 10.459856 2.614964 5.229928 7.844892 2.614964 7.844892
19 9 10.459856 2.614964 5.229928 10.459856 2.614964 7.844892
19 10 10.459856 2.614964 5.229928 13.074820 2.614964 7.844892
19 11 10.459856 2.614964 5.229928 7.844892 5.229928 7.844892
19 12 10.459856 2.614964 5.229928 10.459856 5.229928 7.844892
19 13 10.459856 2.614964 5.229928 13.074820 5.229928 7.844892
20 0 2.614964 5.229928 5.229928 2.614964 5.229928 5.229928
20 1 2.614964 5.229928 5.229928 5.229928 5.229928 5.229928
20 2 2.614964 5.229928 5.229928 0.000000 7.844892 5.229928
20 3 2.614964 5.229928 5.229928 2.614964 7.844892 5.229928
20 4 2.614964 5.229928 5.229928 5.229928 7.844892 5.229928
20 5 2.614964 5.229928 5.229928 0.000000 2.614964 7.844892
20 6 2.614964 5.229928 5.229928 2.614964 2.614964 7.844892
20 7 2.614964 5.229928 5.229928 5.229928 2.614964 7.844892
20 8 2.614964 5.229928 5.229928 0.000000 5.229928 7.844892
20 9 2.614964 5.229928 5.229928 2.614964 5.229928 7.844892
20 10 2.614964 5.229928 5.229928 5.229928 5.229928 7.844892
20 11 2.614964 5.229928 5.229928 0.000000 7.844892 7.844892
20 12 2.614964 5.229928 5.229928 2.614964 7.844892 7.844892
20 13 2.614964 5.229928 5.229928 5.229928 7.844892 7.844892
21 0 5.229928 5.229928 5.229928 5.229928 5.229928 5.229928
21 1 5.229928 5.229928 5.229928 7.844892 5.229928 5.229928
21 2 5.229928 5.229928 5.229928 2.614964 7.844892 5.229928
21 3 5.229928 5.229928 5.229928 5.229928 7.844892 5.229928
21 4 5.229928 5.229928 5.229928 7.844892 7.844892 5.229928
21 5 5.229928 5.229928 5.229928 2.614964 2.614964 7.844892
21 6 5.229928 5.229928 5.229928 5.229928 2.614964 7.844892
21 7 5.229928 5.229928 5.229928 7.844892 2.614964 7.844892
21 8 5.229928 5.229928 5.229928 2.614964 5.229928 7.844892
21 9 5.229928 5.229928 5.229928 5.229928 5.229928 7.844892
21 10 5.229928 5.229928 5.229928 7.844892 5.229928 7.844892
21 11 5.229928 5.229928 5.229928 2.614964 7.844892 7.844892
21 12 5.229928 5.229928 5.229928 5.229928 7.844892 7.844892
21 13 5.229928 5.229928 5.229928 7.844892 7.844892 7.844892
22 0 7.844892 5.229928 5.229928 7.844892 5.229928 5.229928
22 1 7.844892 5.229928 5.229928 10.459856 5.229928 5.229928
22 2 7.844892 5.229928 5.229928 5.229928 7.844892 5.229928
22 3 7.844892 5.229928 5.229928 7.844892 7.844892 5.229928
22 4 7.844892 5.229928 5.229928 10.459856 7.844892 5.229928
22 5 7.844892 5.229928 5.229928 5.229928 2.614964 7.844892
22 6 7.844892 5.229928 5.229928 7.844892 2.614964 7.844892
22 7 7.844892 5.229928 5.229928 10.459856 2.614964 7.844892
22 8 7.844892 5.229928 5.229928 5.229928 5.229928 7.844892
22 9 7.844892 5.229928 5.229928 7.844892 5.229928 7.844892
22 10 7.844892 5.229928 5.229928 10.459856 5.229928 7.844892
22 11 7.844892 5.229928 5.229928 5.229928 7.844892 7.844892
22 12 7.844892 5.229928 5.229928 7.844892 7.844892 7.844892
22 13 7.844892 5.229928 5.229928 10.459856 7.844892 7.844892
23 0 10.459856 5.229928 5.229928 10.459856 5.229928 5.229928
23 1 10.459856 5.229928 5.229928 13.074820 5.229928 5.229928
23 2 10.459856 5.229928 5.229928 7.844892 7.844892 5.229928
23 3 10.459856 5.229928 5.229928 10.459856 7.844892 5.229928
23 4 10.459856 5.229928 5.229928 13.074820 7.844892 5.229928
23 5 10.459856 5.229928 5.229928 7.844892 2.614964 7.844892
23 6 10.459856 5.229928 5.229928 10.459856 2.614964 7.844892
23 7 10.459856 5.229928 5.229928 13.074820 2.614964 7.844892
23 8 10.459856 5.229928 5.229928 7.844892 5.229928 7.844892
23 9 10.459856 5.229928 5.229928 10.459856 5.229928 7.844892
23 10 10.459856 5.229928 5.229928 13.074820 5.229928 7.844892
23 11 10.459856 5.229928 5.229928 7.844892 7.844892 7.844892
23 12 10.459856 5.229928 5.229928 10.459856 7.844892 7.844892
23 13 10.459856 5.229928 5.229928 13.074820 7.844892 7.844892
24 0 2.614964 7.844892 5.229928 2.614964 7.844892 5.229928
24 1 2.614964 7.844892 5.229928 5.229928 7.844892 5.229928
24 2 2.614964 7.844892 5.229928 0.000000 10.459856 5.229928
24 3 2.614964 7.844892 5.229928 2.614964 10.459856 5.229928
24 4 2.614964 7.844892 5.229928 5.229928 10.459856 5.229928
24 5 2.614964 7.844892 5.229928 0.000000 5.229928 7.844892
24 6 2.614964 7.844892 5.229928 2.614964 5.229928 7.844892
24 7 2.614964 7.844892 5.229928 5.229928 5.229928 7.844892
24 8 2.614964 7.844892 5.229928 0.000000 7.844892 7.844892
24 9 2.614964 7.844892 5.229928 2.614964 7.844892 7.844892
24 10 2.614964 7.844892 5.229928 5.229928 7.844892 7.844892
24 11 2.614964 7.844892 5.229928 0.000000 10.459856 7.844892
24 12 2.614964 7.844892 5.229928 2.614964 10.459856 7.844892
24 13 2.614964 7.844892 5.229928 5.229928 10.459856 7.844892
25 0 5.229928 7.844892 5.229928 5.229928 7.844892 5.229928
25 1 5.229928 7.844892 5.229928 7.844892 7.844892 5.229928
25 2 5.229928 7.844892 5.229928 2.614964 10.459856 5.229928
25 3 5.229928 7.844892 5.229928 5.229928 10.459856 5.229928
25 4 5.229928 7.844892 5.229928 7.844892 10.459856 5.229928
25 5 5.229928 7.844892 5.229928 2.614964 5.229928 7.844892
25 6 5.229928 7.844892 5.229928 5.229928 5.229928 7.844892
25 7 5.229928 7.844892 5.229928 7.844892 5.229928 7.844892
25 8 5.229928 7.844892 5.229928 2.614964 7.844892 7.844892
25 9 5.229928 7.844892 5.229928 5.229928 7.844892 7.844892
25 10 5.229928 7.844892 5.229928 7.844892 7.844892 7.844892
25 11 5.229928 7.844892 5.229928 2.614964 10.459856 7.844892
25 12 5.229928 7.844892 5.229928 5.229928 10.459856 7.844892
25 13 5.229928 7.844892 5.229928 7.844892 10.459856 7.844892
26 0 7.844892 7.844892 5.229928 7.844892 7.844892 5.229928
26 1 7.844892 7.844892 5.229928 10.459856 7.844892 5.229928
26 2 7.844892 7.844892 5.229928 5.229928 10.459856 5.229928
26 3 7.844892 7.844892 5.229928 7.844892 10.459856 5.229928
26 4 7.844892 7.844892 5.229928 10.459856 10.459856 5.229928
26 5 7.844892 7.844892 5.229928 5.229928 5.229928 7.844892
26 6 7.844892 7.844892 5.229928 7.844892 5.229928 7.844892
26 7 7.844892 7.844892 5.229928 10.459856 5.229928 7.844892
26 8 7.844892 7.844892 5.229928 5.229928 7.844892 7.844892
26 9 7.844892 7.844892 5.229928 7.844892 7.844892 7.844892
26 10 7.844892 7.844892 5.229928 10.459856 7.844892 7.844892
26 11 7.844892 7.844892 5.229928 5.229928 10.459856 7.844892
26 12 7.844892 7.844892 5.229928 7.844892 10.459856 7.844892
26 13 7.844892 7.844892 5.229928 10.459856 10.459856 7.844892
27 0 10.459856 7.844892 5.229928 10.459856 7.844892 5.229928
27 1 10.459856 7.844892 5.229928 13.074820 7.844892 5.229928
27 2 10.459856 7.844892 5.229928 7.844892 10.459856 5.229928
27 3 10.459856 7.844892 5.229928 10.459856 10.459856 5.229928
27 4 10.459856 7.844892 5.229928 13.074820 10.459856 5.229928
27 5 10.459856 7.844892 5.229928 7.844892 5.229928 7.844892
27 6 10.459856 7.844892 5.229928 10.459856 5.229928 7.844892
27 7 10.459856 7.844892 5.229928 13.074820 5.229928 7.844892
27 8 10.459856 7.844892 5.229928 7.844892 7.844892 7.844892
27 9 10.459856 7.844892 5.229928 10.459856 7.844892 7.844892
27 10 10.459856 7.844892 5.229928 13.074820 7.844892 7.844892
27 11 10.459856 7.844892 5.229928 7.844892 10.459856 7.844892
27 12 10.459856 7.844892 5.229928 10.459856 10.459856 7.844892
27 13 10.459856 7.844892 5.229928 13.074820 10.459856 7.844892
28 0 2.614964 10.459856 5.229928 2.614964 10.459856 5.229928
28 1 2.614964 10.459856 5.229928 5.229928 10.459856 5.229928
28 2 2.614964 10.459856 5.229928 0.000000 13.074820 5.229928
28 3 2.614964 10.459856 5.229928 2.614964 13.074820 5.229928
28 4 2.614964 10.459856 5.229928 5.229928 13.074820 5.229928
28 5 2.614964 10.459856 5.229928 0.000000 7.844892 7.844892
28 6 2.614964 10.459856 5.229928 2.614964 7.844892 7.844892
28 7 2.614964 10.459856 5.229928 5.229928 7.844892 7.844892
28 8 2.614964 10.459856 5.229928 0.000000 10.459856 7.844892
28 9 2.614964 10.459856 5.229928 2.614964 10.459856 7.844892
28 10 2.614964 10.459856 5.229928 5.229928 10.459856 7.844892
28 11 2.614964 10.459856 5.229928 0.000000 13.074820 7.844892
28 12 2.614964 10.459856 5.229928 2.614964 13.074820 7.844892
28 13 2.614964 10.459856 5.229928 5.229928 13.074820 7.844892
29 0 5.229928 10.459856 5.229928 5.229928 10.459856 5.229928
29 1 5.229928 10.459856 5.229928 7.844892 10.459856 5.229928
29 2 5.229928 10.459856 5.229928 2.614964 13.074820 5.229928
29 3 5.229928 10.459856 5.229928 5.229928 13.074820 5.229928
29 4 5.229928 10.459856 5.229928 7.844892 13.074820 5.229928
29 5 5.229928 10.459856 5.229928 2.614964 7.844892 7.844892
29 6 5.229928 10.459856 5.229928 5.229928 7.844892 7.844892
29 7 5.229928 10.459856 5.229928 7.844892 7.844892 7.844892
29 8 5.229928 10.459856 5.229928 2.614964 10.459856 7.844892
29 9 5.229928 10.459856 5.229928 5.229928 10.459856 7.844892
29 10 5.229928 10.459856 5.229928 7.844892 10.459856 7.844892
29 11 5.229928 10.459856 5.229928 2.614964 13.074820 7.844892
29 12 5.229928 10.459856 5.229928 5.229928 13.074820 7.844892
29 13 5.229928 10.459856 5.229928 7.844892 13.074820 7.844892
30 0 7.844892 10.459856 5.229928 7.844892 10.459856 5.229928
30 1 7.844892 10.459856 5.229928 10.459856 10.459856 5.229928
30 2 7.844892 10.459856 5.229928 5.229928 13.074820 5.229928
30 3 7.844892 10.459856 5.229928 7.844892 13.074820 5.229928
30 4 7.844892 10.459856 5.229928 10.459856 13.074820 5.229928
30 5 7.844892 10.459856 5.229928 5.229928 7.844892 7.844892
30 6 7.844892 10.459856 5.229928 7.844892 7.844892 7.844892
30 7 7.844892 10.459856 5.229928 10.459856 7.844892 7.844892
30 8 7.844892 10.459856 5.229928 5.229928 10.459856 7.844892
30 9 7.844892 10.459856 5.229928 7.844892 10.459856 7.844892
30 10 7.844892 10.459856 5.229928 10.459856 10.459856 7.844892
30 11 7.844892 10.459856 5.229928 5.229928 13.074820 7.844892
30 12 7.844892 10.459856 5.229928 7.844892 13.074820 7.844892
30 13 7.844892 10.459856 5.229928 10.459856 13.074820 7.844892
31 0 10.459856 10.459856 5.229928 10.459856 10.459856 5.229928
31 1 10.459856 10.459856 5.229928 13.074820 10.459856 5.229928
31 2 10.459856 10.459856 5.229928 7.844892 13.074820 5.229928
31 3 10.459856 10.459856 5.229928 10.459856 13.074820 5.229928
31 4 10.459856 10.459856 5.229928 13.074820 13.074820 5.229928
31 5 10.459856 10.459856 5.229928 7.844892 7.844892 7.844892
31 6 10.459856 10.459856 5.229928 10.459856 7.844892 7.844892
31 7 10.459856 10.459856 5.229928 13.074820 7.844892 7.844892
31 8 10.459856 10.459856 5.229928 7.844892 10.459856 7.844892
31 9 10.459856 10.459856 5.229928 10.459856 10.459856 7.844892
31 10 10.459856 10.459856 5.229928 13.074820 10.459856 7.844892
31 11 10.459856 10.459856 5.229928 7.844892 13.074820 7.844892
31 12 10.459856 10.459856 5.229928 10.459856 13.074820 7.844892
31 13 10.459856 10.459856 5.229928 13.074820 13.074820 7.844892
32 0 2.614964 2.614964 7.844892 2.614964 2.614964 7.844892
32 1 2.614964 2.614964 7.844892 5.229928 2.614964 7.844892
32 2 2.614964 2.614964 7.844892 0.000000 5.229928 7.844892
32 3 2.614964 2.614964 7.844892 2.614964 5.229928 7.844892
32 4 2.614964 2.614964 7.844892 5.229928 5.229928 7.844892
32 5 2.614964 2.614964 7.844892 0.000000 0.000000 10.459856
32 6 2.614964 2.614964 7.844892 2.614964 0.000000 10.459856
32 7 2.614964 2.614964 7.844892 5.229928 0.000000 10.459856
32 8 2.614964 2.614964 7.844892 0.000000 2.614964 10.459856
32 9 2.614964 2.614964 7.844892 2.614964 2.614964 10.459856
32 10 2.614964 2.614964 7.844892 5.229928 2.614964 10.459856
32 11 2.614964 2.614964 7.844892 0.000000 5.229928 10.459856
32 12 2.614964 2.614964 7.844892 2.614964 5.229928 10.459856
32 13 2.614964 2.614964 7.844892 5.229928 5.229928 10.459856
33 0 5.229928 2.614964 7.844892 5.229928 2.614964 7.844892
33 1 5.229928 2.614964 7.844892 7.844892 2.614964 7.844892
33 2 5.229928 2.614964 7.844892 2.614964 5.229928 7.844892
33 3 5.229928 2.614964 7.844892 5.229928 5.229928 7.844892
33 4 5.229928 2.614964 7.844892 7.844892 5.229928 7.844892
33 5 5.229928 2.614964 7.844892 2.614964 0.000000 10.459856
33 6 5.229928 2.614964 7.844892 5.229928 0.000000 10.459856
33 7 5.229928 2.614964 7.844892 7.844892 0.000000 10.459856
33 8 5.229928 2.614964 7.844892 2.614964 2.614964 10.459856
33 9 5.229928 2.614964 7.844892 5.229928 2.614964 10.459856
33 10 5.229928 2.614964 7.844892 7.844892 2.614964 10.459856
33 11 5.229928 2.614964 7.844892 2.614964 5.229928 10.459856
33 12 5.229928 2.614964 7.844892 5.229928 5.229928 10.459856
33 13 5.229928 2.614964 7.844892 7.844892 5.229928 10.459856
34 0 7.844892 2.614964 7.844892 7.844892 2.614964 7.844892
34 1 7.844892 2.614964 7.844892 10.459856 2.614964 7.844892
34 2 7.844892 2.614964 7.844892 5.229928 5.229928 7.844892
34 3 7.844892 2.614964 7.844892 7.844892 5.229928 7.844892
34 4 7.844892 2.614964 7.844892 10.459856 5.229928 7.844892
34 5 7.844892 2.614964 7.844892 5.229928 0.000000 10.459856
34 6 7.844892 2.614964 7.844892 7.844892 0.000000 10.459856
34 7 7.844892 2.614964 7.844892 10.459856 0.000000 10.459856
34 8 7.844892 2.614964 7.844892 5.229928 2.614964 10.459856
34 9 7.844892 2.614964 7.844892 7.844892 2.614964 10.459856
34 10 7.844892 2.614964 7.844892 10.459856 2.614964 10.459856
34 11 7.844892 2.614964 7.844892 5.229928 5.229928 10.459856
34 12 7.844892 2.614964 7.844892 7.844892 5.229928 10.459856
34 13 7.844892 2.614964 7.844892 10.459856 5.229928 10.459856
35 0 10.459856 2.614964 7.844892 10.459856 2.614964 7.844892
35 1 10.459856 2.614964 7.844892 13.074820 2.614964 7.844892
35 2 10.459856 2.614964 7.844892 7.844892 5.229928 7.844892
35 3 10.459856 2.614964 7.844892 10.459856 5.229928 7.844892
35 4 10.459856 2.614964 7.844892 13.074820 5.229928 7.844892
35 5 10.459856 2.614964 7.844892 7.844892 0.000000 10.459856
35 6 10.459856 2.614964 7.844892 10.459856 0.000000 10.459856
35 7 10.459856 2.614964 7.844892 13.074820 0.000000 10.459856
35 8 10.459856 2.614964 7.844892 7.844892 2.614964 10.459856
35 9 10.459856 2.614964 7.844892 10.459856 2.614964 10.459856
35 10 10.459856 2.614964 7.844892 13.074820 2.614964 10.459856
35 11 10.459856 2.614964 7.844892 7.844892 5.229928 10.459856
35 12 10.459856 2.614964 7.844892 10.459856 5.229928 10.459856
35 13 10.459856 2.614964 7.844892 13.074820 5.229928 10.459856
36 0 2.614964 5.229928 7.844892 2.614964 5.229928 7.844892
36 1 2.614964 5.229928 7.844892 5.229928 5.229928 7.844892
36 2 2.614964 5.229928 7.844892 0.000000 7.844892 7.844892
36 3 2.614964 5.229928 7.844892 2.614964 7.844892 7.844892
36 4 2.614964 5.229928 7.844892 5.229928 7.844892 7.844892
36 5 2.614964 5.229928 7.844892 0.000000 2.614964 10.459856
36 6 2.614964 5.229928 7.844892 2.614964 2.614964 10.459856
36 7 2.614964 5.229928 7.844892 5.229928 2.614964 10.459856
36 8 2.614964 5.229928 7.844892 0.000000 5.229928 10.459856
36 9 2.614964 5.229928 7.844892 2.614964 5.229928 10.459856
36 10 2.614964 5.229928 7.844892 5.229928 5.229928 10.459856
36 11 2.614964 5.229928 7.844892 0.000000 7.844892 10.459856
36 12 2.614964 5.229928 7.844892 2.614964 7.844892 10.459856
36 13 2.614964 5.229928 7.844892 5.229928 7.844892 10.459856
37 0 5.229928 5.229928 7.844892 5.229928 5.229928 7.844892
37 1 5.229928 5.229928 7.844892 7.844892 5.229928 7.844892
37 2 5.229928 5.229928 7.844892 2.614964 7.844892 7.844892
37 3 5.229928 5.229928 7.844892 5.229928 7.844892 7.844892
37 4 5.229928 5.229928 7.844892 7.844892 7.844892 7.844892
37 5 5.229928 5.229928 7.844892 2.614964 2.614964 10.459856
37 6 5.229928 5.229928 7.844892 5.229928 2.614964 10.459856
37 7 5.229928 5.229928 7.844892 7.844892 2.614964 10.459856
37 8 5.229928 5.229928 7.844892 2.614964 5.229928 10.459856
37 9 5.229928 5.229928 7.844892 5.229928 5.229928 10.459856
37 10 5.229928 5.229928 7.844892 7.844892 5.229928 10.459856
37 11 5.229928 5.229928 7.844892 2.614964 7.844892 10.459856
37 12 5.229928 5.229928 7.844892 5.229928 7.844892 10.459856
37 13 5.229928 5.229928 7.844892 7.844892 7.844892 10.459856
38 0 7.844892 5.229928 7.844892 7.844892 5.229928 7.844892
38 1 7.844892 5.229928 7.844892 10.459856 5.229928 7.844892
38 2 7.844892 5.229928 7.844892 5.229928 7.844892 7.844892
38 3 7.844892 5.229928 7.844892 7.844892 7.844892 7.844892
38 4 7.844892 5.229928 7.844892 10.459856 7.844892 7.844892
38 5 7.844892 5.229928 7.844892 5.229928 2.614964 10.459856
38 6 7.844892 5.229928 7.844892 7.844892 2.614964 10.459856
38 7 7.844892 5.229928 7.844892 10.459856 2.614964 10.459856
38 8 7.844892 5.229928 7.844892 5.229928 5.229928 10.459856
38 9 7.844892 5.229928 7.844892 7.844892 5.229928 10.459856
38 10 7.844892 5.229928 7.844892 10.459856 5.229928 10.459856
38 11 7.844892 5.229928 7.844892 5.229928 7.844892 10.459856
38 12 7.844892 5.229928 7.844892 7.844892 7.844892 10.459856
38 13 7.844892 5.229928 7.844892 10.459856 7.844892 10.459856
39 0 10.459856 5.229928 7.844892 10.459856 5.229928 7.844892
39 1 10.459856 5.229928 7.844892 13.074820 5.229928 7.844892
39 2 10.459856 5.229928 7.844892 7.844892 7.844892 7.844892
39 3 10.459856 5.229928 7.844892 10.459856 7.844892 7.844892
39 4 10.459856 5.229928 7.844892 13.074820 7.844892 7.844892
39 5 10.459856 5.229928 7.844892 7.844892 2.614964 10.459856
39 6 10.459856 5.229928 7.844892 10.459856 2.614964 10.459856
39 7 10.459856 5.229928 7.844892 13.074820 2.614964 10.459856
39 8 10.459856 5.229928 7.844892 7.844892 5.229928 10.459856
39 9 10.459856 5.229928 7.844892 10.459856 5.229928 10.459856
39 10 10.459856 5.229928 7.844892 13.074820 5.229928 10.459856
39 11 10.459856 5.229928 7.844892 7.844892 7.844892 10.459856
39 12 10.459856 5.229928 7.844892 10.459856 7.844892 10.459856
39 13 10.459856 5.229928 7.844892 13.074820 7.844892 10.459856
40 0 2.614964 7.844892 7.844892 2.614964 7.844892 7.844892
40 1 2.614964 7.844892 7.844892 5.229928 7.844892 7.844892
40 2 2.614964 7.844892 7.844892 0.000000 10.459856 7.844892
40 3 2.614964 7.844892 7.844892 2.614964 10.459856 7.844892
40 4 2.614964 7.844892 7.844892 5.229928 10.459856 7.844892
40 5 2.614964 7.844892 7.844892 0.000000 5.229928 10.459856
40 6 2.614964 7.844892 7.844892 2.614964 5.229928 10.459856
40 7 2.614964 7.844892 7.844892 5.229928 5.229928 10.459856
40 8 2.614964 7.844892 7.844892 0.000000 7.844892 10.459856
40 9 2.614964 7.844892 7.844892 2.614964 7.844892 10.459856
40 10 2.614964 7.844892 7.844892 5.229928 7.844892 10.459856
40 11 2.614964 7.844892 7.844892 0.000000 10.459856 10.459856
40 12 2.614964 7.844892 7.844892 2.614964 10.459856 10.459856
40 13 2.614964 7.844892 7.844892 5.229928 10.459856 10.459856
41 0 5.229928 7.844892 7.844892 5.229928 7.844892 7.844892
41 1 5.229928 7.844892 7.844892 7.844892 7.844892 7.844892
41 2 5.229928 7.844892 7.844892 2.614964 10.459856 7.844892
41 3 5.229928 7.844892 7.844892 5.229928 10.459856 7.844892
41 4 5.229928 7.844892 7.844892 7.844892 10.459856 7.844892
41 5 5.229928 7.844892 7.844892 2.614964 5.229928 10.459856
41 6 5.229928 7.844892 7.844892 5.229928 5.229928 10.459856
41 7 5.229928 7.844892 7.844892 7.844892 5.229928 10.459856
41 8 5.229928 7.844892 7.844892 2.614964 7.844892 10.459856
41 9 5.229928 7.844892 7.844892 5.229928 7.844892 10.459856
41 10 5.229928 7.844892 7.844892 7.844892 7.844892 10.459856
41 11 5.229928 7.844892 7.844892 2.614964 10.459856 10.459856
41 12 5.229928 7.844892 7.844892 5.229928 10.459856 10.459856
41 13 5.229928 7.844892 7.844892 7.844892 10.459856 10.459856
42 0 7.844892 7.844892 7.844892 7.844892 7.844892 7.844892
42 1 7.844892 7.844892 7.844892 10.459856 7.844892 7.844892
42 2 7.844892 7.844892 7.844892 5.229928 10.459856 7.844892
42 3 7.844892 7.844892 7.844892 7.844892 10.459856 7.844892
42 4 7.844892 7.844892 7.844892 10.459856 10.459856 7.844892
42 5 7.844892 7.844892 7.844892 5.229928 5.229928 10.459856
42 6 7.844892 7.844892 7.844892 7.844892 5.229928 10.459856
42 7 7.844892 7.844892 7.844892 10.459856 5.229928 10.459856
42 8 7.844892 7.844892 7.844892 5.229928 7.844892 10.459856
42 9 7.844892 7.844892 7.844892 7.844892 7.844892 10.459856
42 10 7.844892 7.844892 7.844892 10.459856 7.844892 10.459856
42 11 7.844892 7.844892 7.844892 5.229928 10.459856 10.459856
42 12 7.844892 7.844892 7.844892 7.844892 10.459856 10.459856
42 13 7.844892 7.844892 7.844892 10.459856 10.459856 10.459856
43 0 10.459856 7.844892 7.844892 10.459856 7.844892 7.844892
43 1 10.459856 7.844892 7.844892 13.074820 7.844892 7.844892
43 2 10.459856 7.844892 7.844892 7.844892 10.459856 7.844892
43 3 10.459856 7.844892 7.844892 10.459856 10.459856 7.844892
43 4 10.459856 7.844892 7.844892 13.074820 10.459856 7.844892
43 5 10.459856 7.844892 7.844892 7.844892 5.229928 10.459856
43 6 10.459856 7.844892 7.844892 10.459856 5.229928 10.459856
43 7 10.459856 7.844892 7.844892 13.074820 5.229928 10.459856
43 8 10.459856 7.844892 7.844892 7.844892 7.844892 10.459856
43 9 10.459856 7.844892 7.844892 10.459856 7.844892 10.459856
43 10 10.459856 7.844892 7.844892 13.074820 7.844892 10.459856
43 11 10.459856 7.844892 7.844892 7.844892 10.459856 10.459856
43 12 10.459856 7.844892 7.844892 10.459856 10.459856 10.459856
43 13 10.459856 7.844892 7.844892 13.074820 10.459856 10.459856
44 0 2.614964 10.459856 7.844892 2.614964 10.459856 7.844892
44 1 2.614964 10.459856 7.844892 5.229928 10.459856 7.844892
44 2 2.614964 10.459856 7.844892 0.000000 13.074820 7.844892
44 3 2.614964 10.459856 7.844892 2.614964 13.074820 7.844892
44 4 2.614964 10.459856 7.844892 5.229928 13.074820 7.844892
44 5 2.614964 10.459856 7.844892 0.000000 7.844892 10.459856
44 6 2.614964 10.459856 7.844892 2.614964 7.844892 10.459856
44 7 2.614964 10.459856 7.844892 5.229928 7.844892 10.459856
44 8 2.614964 10.459856 7.844892 0.000000 10.459856 10.459856
44 9 2.614964 10.459856 7.844892 2.614964 10.459856 10.459856
44 10 2.614964 10.459856 7.844892 5.229928 10.459856 10.459856
44 11 2.614964 10.459856 7.844892 0.000000 13.074820 10.459856
44 12 2.614964 10.459856 7.844892 2.614964 13.074820 10.459856
44 13 2.614964 10.459856 7.844892 5.229928 13.074820 10.459856
45 0 5.229928 10.459856 7.844892 5.229928 10.459856 7.844892
45 1 5.229928 10.459856 7.844892 7.844892 10.459856 7.844892
45 2 5.229928 10.459856 7.844892 2.614964 13.074820 7.844892
45 3 5.229928 10.459856 7.844892 5.229928 13.074820 7.844892
45 4 5.229928 10.459856 7.844892 7.844892 13.074820 7.844892
45 5 5.229928 10.459856 7.844892 2.614964 7.844892 10.459856
45 6 5.229928 10.459856 7.844892 5.229928 7.844892 10.459856
45 7 5.229928 10.459856 7.844892 7.844892 7.844892 10.459856
45 8 5.229928 10.459856 7.844892 2.614964 10.459856 10.459856
45 9 5.229928 10.459856 7.844892 5.229928 10.459856 10.459856
45 10 5.229928 10.459856 7.844892 7.844892 10.459856 10.459856
45 11 5.229928 10.459856 7.844892 2.614964 13.074820 10.459856
45 12 5.229928 10.459856 7.844892 5.229928 13.074820 10.459856
45 13 5.229928 10.459856 7.844892 7.844892 13.074820 10.459856
46 0 7.844892 10.459856 7.844892 7.844892 10.459856 7.844892
46 1 7.844892 10.459856 7.844892 10.459856 10.459856 7.844892
46 2 7.844892 10.459856 7.844892 5.229928 13.074820 7.844892
46 3 7.844892 10.459856 7.844892 7.844892 13.074820 7.844892
46 4 7.844892 10.459856 7.844892 10.459856 13.074820 7.844892
46 5 7.844892 10.459856 7.844892 5.229928 7.844892 10.459856
46 6 7.844892 10.459856 7.844892 7.844892 7.844892 10.459856
46 7 7.844892 10.459856 7.844892 10.459856 7.844892 10.459856
46 8 7.844892 10.459856 7.844892 5.229928 10.459856 10.459856
46 9 7.844892 10.459856 7.844892 7.844892 10.459856 10.459856
46 10 7.844892 10.459856 7.844892 10.459856 10.459856 10.459856
46 11 7.844892 10.459856 7.844892 5.229928 13.074820 10.459856
46 12 7.844892 10.459856 7.844892 7.844892 13.074820 10.459856
46 13 7.844892 10.459856 7.844892 10.459856 13.074820 10.459856
47 0 10.459856 10.459856 7.844892 10.459856 10.459856 7.844892
47 1 10.459856 10.459856 7.844892 13.074820 10.459856 7.844892
47 2 10.459856 10.459856 7.844892 7.844892 13.074820 7.844892
47 3 10.459856 10.459856 7.844892 10.459856 13.074820 7.844892
47 4 10.459856 10.459856 7.844892 13.074820 13.074820 7.844892
47 5 10.459856 10.459856 7.844892 7.844892 7.844892 10.459856
47 6 10.459856 10.459856 7.844892 10.459856 7.844892 10.459856
47 7 10.459856 10.459856 7.844892 13.074820 7.844892 10.459856
47 8 10.459856 10.459856 7.844892 7.844892 10.459856 10.459856
47 9 10.459856 10.459856 7.844892 10.459856 10.459856 10.459856
47 10 10.459856 10.459856 7.844892 13.074820 10.459856 10.459856
47 11 10.459856 10.459856 7.844892 7.844892 13.074820 10.459856
47 12 10.459856 10.459856 7.844892 10.459856 13.074820 10.459856
47 13 10.459856 10.459856 7.844892 13.074820 13.074820 10.459856
48 0 2.614964 2.614964 10.459856 2.614964 2.614964 10.459856
48 1 2.614964 2.614964 10.459856 5.229928 2.614964 10.459856
48 2 2.614964 2.614964 10.459856 0.000000 5.229928 10.459856
48 3 2.614964 2.614964 10.459856 2.614964 5.229928 10.459856
48 4 2.614964 2.614964 10.459856 5.229928 5.229928 10.459856
48 5 2.614964 2.614964 10.459856 0.000000 0.000000 13.074820
48 6 2.614964 2.614964 10.459856 2.614964 0.000000 13.074820
48 7 2.614964 2.614964 10.459856 5.229928 0.000000 13.074820
48 8 2.614964 2.614964 10.459856 0.000000 2.614964 13.074820
48 9 2.614964 2.614964 10.459856 2.614964 2.614964 13.074820
48 10 2.614964 2.614964 10.459856 5.229928 2.614964 13.074820
48 11 2.614964 2.614964 10.459856 0.000000 5.229928 13.074820
48 12 2.614964 2.614964 10.459856 2.614964 5.229928 13.074820
48 13 2.614964 2.614964 10.459856 5.229928 5.229928 13.074820
49 0 5.229928 2.614964 10.459856 5.229928 2.614964 10.459856
49 1 5.229928 2.614964 10.459856 7.844892 2.614964 10.459856
49 2 5.229928 2.614964 10.459856 2.614964 5.229928 10.459856
49 3 5.229928 2.614964 10.459856 5.229928 5.229928 10.459856
49 4 5.229928 2.614964 10.459856 7.844892 5.229928 10.459856
49 5 5.229928 2.614964 10.459856 2.614964 0.000000 13.074820
49 6 5.229928 2.614964 10.459856 5.229928 0.000000 13.074820
49 7 5.229928 2.614964 10.459856 7.844892 0.000000 13.074820
49 8 5.229928 2.614964 10.459856 2.614964 2.614964 13.074820
49 9 5.229928 2.614964 10.459856 5.229928 2.614964 13.074820
49 10 5.229928 2.614964 10.459856 7.844892 2.614964 13.074820
49 11 5.229928 2.614964 10.459856 2.614964 5.229928 13.074820
49 12 5.229928 2.614964 10.459856 5.229928 5.229928 13.074820
49 13 5.229928 2.614964 10.459856 7.844892 5.229928 13.074820
50 0 7.844892 2.614964 10.459856 7.844892 2.614964 10.459856
50 1 7.844892 2.614964 10.459856 10.459856 2.614964 10.459856
50 2 7.844892 2.614964 10.459856 5.229928 5.229928 10.459856
50 3 7.844892 2.614964 10.459856 7.844892 5.229928 10.459856
50 4 7.844892 2.614964 10.459856 10.459856 5.229928 10.459856
50 5 7.844892 2.614964 10.459856 5.229928 0.000000 13.074820
50 6 7.844892 2.614964 10.459856 7.844892 0.000000 13.074820
50 7 7.844892 2.614964 10.459856 10.459856 0.000000 13.074820
50 8 7.844892 2.614964 10.459856 5.229928 2.614964 13.074820
50 9 7.844892 2.614964 10.459856 7.844892 2.614964 13.074820
50 10 7.844892 2.614964 10.459856 10.459856 2.614964 13.074820
50 11 7.844892 2.614964 10.459856 5.229928 5.229928 13.074820
50 12 7.844892 2.614964 10.459856 7.844892 5.229928 13.074820
50 13 7.844892 2.614964 10.459856 10.459856 5.229928 13.074820
51 0 10.459856 2.614964 10.459856 10.459856 2.614964 10.459856
51 1 10.459856 2.614964 10.459856 13.074820 2.614964 10.459856
51 2 10.459856 2.614964 10.459856 7.844892 5.229928 10.459856
51 3 10.459856 2.614964 10.459856 10.459856 5.229928 10.459856
51 4 10.459856 2.614964 10.459856 13.074820 5.229928 10.459856
51 5 10.459856 2.614964 10.459856 7.844892 0.000000 13.074820
51 6 10.459856 2.614964 10.459856 10.459856 0.000000 13.074820
51 7 10.459856 2.614964 10.459856 13.074820 0.000000 13.074820
51 8 10.459856 2.614964 10.459856 7.844892 2.614964 13.074820
51 9 10.459856 2.614964 10.459856 10.459856 2.614964 13.074820
51 10 10.459856 2.614964 10.459856 13.074820 2.614964 13.074820
51 11 10.459856 2.614964 10.459856 7.844892 5.229928 13.074820
51 12 10.459856 2.614964 10.459856 10.459856 5.229928 13.074820
51 13 10.459856 2.614964 10.459856 13.074820 5.229928 13.074820
52 0 2.614964 5.229928 10.459856 2.614964 5.229928 10.459856
52 1 2.614964 5.229928 10.459856 5.229928 5.229928 10.459856
52 2 2.614964 5.229928 10.459856 0.000000 7.844892 10.459856
52 3 2.614964 5.229928 10.459856 2.614964 7.844892 10.459856
52 4 2.614964 5.229928 10.459856 5.229928 7.844892 10.459856
52 5 2.614964 5.229928 10.459856 0.000000 2.614964 13.074820
52 6 2.614964 5.229928 10.459856 2.614964 2.614964 13.074820
52 7 2.614964 5.229928 10.459856 5.229928 2.614964 13.074820
52 8 2.614964 5.229928 10.459856 0.000000 5.229928 13.074820
52 9 2.614964 5.229928 10.459856 2.614964 5.229928 13.074820
52 10 2.614964 5.229928 10.459856 5.229928 5.229928 13.074820
52 11 2.614964 5.229928 10.459856 0.000000 7.844892 13.074820
52 12 2.614964 5.229928 10.459856 2.614964 7.844892 13.074820
52 13 2.614964 5.229928 10.459856 5.229928 7.844892 13.074820
53 0 5.229928 5.229928 10.459856 5.229928 5.229928 10.459856
53 1 5.229928 5.229928 10.459856 7.844892 5.229928 10.459856
53 2 5.229928 5.229928 10.459856 2.614964 7.844892 10.459856
53 3 5.229928 5.229928 10.459856 5.229928 7.844892 10.459856
53 4 5.229928 5.229928 10.459856 7.844892 7.844892 10.459856
53 5 5.229928 5.229928 10.459856 2.614964 2.614964 13.074820
53 6 5.229928 5.229928 10.459856 5.229928 2.614964 13.074820
53 7 5.229928 5.229928 10.459856 7.844892 2.614964 13.074820
53 8 5.229928 5.229928 10.459856 2.614964 5.229928 13.074820
53 9 5.229928 5.229928 10.459856 5.229928 5.229928 13.074820
53 10 5.229928 5.229928 10.459856 7.844892 5.229928 13.074820
53 11 5.229928 5.229928 10.459856 2.614964 7.844892 13.074820
53 12 5.229928 5.229928 10.459856 5.229928 7.844892 13.074820
53 13 5.229928 5.229928 10.459856 7.844892 7.844892 13.074820
54 0 7.844892 5.229928 10.459856 7.844892 5.229928 10.459856
54 1 7.844892 5.229928 10.459856 10.459856 5.229928 10.459856
54 2 7.844892 5.229928 10.459856 5.229928 7.844892 10.459856
54 3 7.844892 5.229928 10.459856 7.844892 7.844892 10.459856
54 4 7.844892 5.229928 10.459856 10.459856 7.844892 10.459856
54 5 7.844892 5.229928 10.459856 5.229928 2.614964 13.074820
54 6 7.844892 5.229928 10.459856 7.844892 2.614964 13.074820
54 7 7.844892 5.229928 10.459856 10.459856 2.614964 13.074820
54 8 7.844892 5.229928 10.459856 5.229928 5.229928 13.074820
54 9 7.844892 5.229928 10.459856 7.844892 5.229928 13.074820
54 10 7.844892 5.229928 10.459856 10.459856 5.229928 13.074820
54 11 7.844892 5.229928 10.459856 5.229928 7.844892 13.074820
54 12 7.844892 5.229928 10.459856 7.844892 7.844892 13.074820
54 13 7.844892 5.229928 10.459856 10.459856 7.844892 13.074820
55 0 10.459856 5.229928 10.459856 10.459856 5.229928 10.459856
55 1 10.459856 5.229928 10.459856 13.074820 5.229928 10.459856
55 2 10.459856 5.229928 10.459856 7.844892 7.844892 10.459856
55 3 10.459856 5.229928 10.459856 10.459856 7.844892 10.459856
55 4 10.459856 5.229928 10.459856 13.074820 7.844892 10.459856
55 5 10.459856 5.229928 10.459856 7.844892 2.614964 13.074820
55 6 10.459856 5.229928 10.459856 10.459856 2.614964 13.074820
55 7 10.459856 5.229928 10.459856 13.074820 2.614964 13.074820
55 8 10.459856 5.229928 10.459856 7.844892 5.229928 13.074820
55 9 10.459856 5.229928 10.459856 10.459856 5.229928 13.074820
55 10 10.459856 5.229928 10.459856 13.074820 5.229928 13.074820
55 11 10.459856 5.229928 10.459856 7.844892 7.844892 13.074820
55 12 10.459856 5.229928 10.459856 10.459856 7.844892 13.074820
55 13 10.459856 5.229928 10.459856 13.074820 7.844892 13.074820
56 0 2.614964 7.844892 10.459856 2.614964 7.844892 10.459856
56 1 2.614964 7.844892 10.459856 5.229928 7.844892 10.459856
56 2 2.614964 7.844892 10.459856 0.000000 10.459856 10.459856
56 3 2.614964 7.844892 10.459856 2.614964 10.459856 10.459856
56 4 2.614964 7.844892 10.459856 5.229928 10.459856 10.459856
56 5 2.614964 7.844892 10.459856 0.000000 5.229928 13.074820
56 6 2.614964 7.844892 10.459856 2.614964 5.229928 13.074820
56 7 2.614964 7.844892 10.459856 5.229928 5.229928 13.074820
56 8 2.614964 7.844892 10.459856 0.000000 7.844892 13.074820
56 9 2.614964 7.844892 10.459856 2.614964 7.844892 13.074820
56 10 2.614964 7.844892 10.459856 5.229928 7.844892 13.074820
56 11 2.614964 7.844892 10.459856 0.000000 10.459856 13.074820
56 12 2.614964 7.844892 10.459856 2.614964 10.459856 13.074820
56 13 2.614964 7.844892 10.459856 5.229928 10.459856 13.074820
57 0 5.229928 7.844892 10.459856 5.229928 7.844892 10.459856
57 1 5.229928 7.844892 10.459856 7.844892 7.844892 10.459856
57 2 5.229928 7.844892 10.459856 2.614964 10.459856 10.459856
57 3 5.229928 7.844892 10.459856 5.229928 10.459856 10.459856
57 4 5.229928 7.844892 10.459856 7.844892 10.459856 10.459856
57 5 5.229928 7.844892 10.459856 2.614964 5.229928 13.074820
57 6 5.229928 7.844892 10.459856 5.229928 5.229928 13.074820
57 7 5.229928 7.844892 10.459856 7.844892 5.229928 13.074820
57 8 5.229928 7.844892 10.459856 2.614964 7.844892 13.074820
57 9 5.229928 7.844892 10.459856 5.229928 7.844892 13.074820
57 10 5.229928 7.844892 10.459856 7.844892 7.844892 13.074820
57 11 5.229928 7.844892 10.459856 2.614964 10.459856 13.074820
57 12 5.229928 7.844892 10.459856 5.229928 10.459856 13.074820
57 13 5.229928 7.844892 10.459856 7.844892 10.459856 13.074820
58 0 7.844892 7.844892 10.459856 7.844892 7.844892 10.459856
58 1 7.844892 7.844892 10.459856 10.459856 7.844892 10.459856
58 2 7.844892 7.844892 10.459856 5.229928 10.459856 10.459856
58 3 7.844892 7.844892 10.459856 7.844892 10.459856 10.459856
58 4 7.844892 7.844892 10.459856 10.459856 10.459856 10.459856
58 5 7.844892 7.844892 10.459856 5.229928 5.229928 13.074820
58 6 7.844892 7.844892 10.459856 7.844892 5.229928 13.074820
58 7 7.844892 7.844892 10.459856 10.459856 5.229928 13.074820
58 8 7.844892 7.844892 10.459856 5.229928 7.844892 13.074820
58 9 7.844892 7.844892 10.459856 7.844892 7.844892 13.074820
58 10 7.844892 7.844892 10.459856 10.459856 7.844892 13.074820
58 11 7.844892 7.844892 10.459856 5.229928 10.459856 13.074820
58 12 7.844892 7.844892 10.459856 7.844892 10.459856 13.074820
58 13 7.844892 7.844892 10.459856 10.459856 10.459856 13.074820
59 0 10.459856 7.844892 10.459856 10.459856 7.844892 10.459856
59 1 10.459856 7.844892 10.459856 13.074820 7.844892 10.459856
59 2 10.459856 7.844892 10.459856 7.844892 10.459856 10.459856
59 3 10.459856 7.844892 10.459856 10.459856 10.459856 10.459856
59 4 10.459856 7.844892 10.459856 13.074820 10.459856 10.459856
59 5 10.459856 7.844892 10.459856 7.844892 5.229928 13.074820
59 6 10.459856 7.844892 10.459856 10.459856 5.229928 13.074820
59 7 10.459856 7.844892 10.459856 13.074820 5.229928 13.074820
59 8 10.459856 7.844892 10.459856 7.844892 7.844892 13.074820
59 9 10.459856 7.844892 10.459856 10.459856 7.844892 13.074820
59 10 10.459856 7.844892 10.459856 13.074820 7.844892 13.074820
59 11 10.459856 7.844892 10.459856 7.844892 10.459856 13.074820
59 12 10.459856 7.844892 10.459856 10.459856 10.459856 13.074820
59 13 10.459856 7.844892 10.459856 13.074820 10.459856 13.074820
60 0 2.614964 10.459856 10.459856 2.614964 10.459856 10.459856
60 1 2.614964 10.459856 10.459856 5.229928 10.459856 10.459856
60 2 2.614964 10.459856 10.459856 0.000000 13.074820 10.459856
60 3 2.614964 10.459856 10.459856 2.614964 13.074820 10.459856
60 4 2.614964 10.459856 10.459856 5.229928 13.074820 10.459856
60 5 2.614964 10.459856 10.459856 0.000000 7.844892 13.074820
60 6 2.614964 10.459856 10.459856 2.614964 7.844892 13.074820
60 7 2.614964 10.459856 10.459856 5.229928 7.844892 13.074820
60 8 2.614964 10.459856 10.459856 0.000000 10.459856 13.074820
60 9 2.614964 10.459856 10.459856 2.614964 10.459856 13.074820
60 10 2.614964 10.459856 10.459856 5.229928 10.459856 13.074820
60 11 2.614964 10.459856 10.459856 0.000000 13.074820 13.074820
60 12 2.614964 10.459856 10.459856 2.614964 13.074820 13.074820
60 13 2.614964 10.459856 10.459856 5.229928 13.074820 13.074820
61 0 5.229928 10.459856 10.459856 5.229928 10.459856 10.459856
61 1 5.229928 10.459856 10.459856 7.844892 10.459856 10.459856
61 2 5.229928 10.459856 10.459856 2.614964 13.074820 10.459856
61 3 5.229928 10.459856 10.459856 5.229928 13.074820 10.459856
61 4 5.229928 10.459856 10.459856 7.844892 13.074820 10.459856
61 5 5.229928 10.459856 10.459856 2.614964 7.844892 13.074820
61 6 5.229928 10.459856 10.459856 5.229928 7.844892 13.074820
61 7 5.229928 10.459856 10.459856 7.844892 7.844892 13.074820
61 8 5.229928 10.459856 10.459856 2.614964 10.459856 13.074820
61 9 5.229928 10.459856 10.459856 5.229928 10.459856 13.074820
61 10 5.229928 10.459856 10.459856 7.844892 10.459856 13.074820
61 11 5.229928 10.459856 10.459856 2.614964 13.074820 13.074820
61 12 5.229928 10.459856 10.459856 5.229928 13.074820 13.074820
61 13 5.229928 10.459856 10.459856 7.844892 13.074820 13.074820
62 0 7.844892 10.459856 10.459856 7.844892 10.459856 10.459856
62 1 7.844892 10.459856 10.459856 10.459856 10.459856 10.459856
62 2 7.844892 10.459856 10.459856 5.229928 13.074820 10.459856
62 3 7.844892 10.459856 10.459856 7.844892 13.074820 10.459856
62 4 7.844892 10.459856 10.459856 10.459856 13.074820 10.459856
62 5 7.844892 10.459856 10.459856 5.229928 7.844892 13.074820
62 6 7.844892 10.459856 10.459856 7.844892 7.844892 13.074820
62 7 7.844892 10.459856 10.459856 10.459856 7.844892 13.074820
62 8 7.844892 10.459856 10.459856 5.229928 10.459856 13.074820
62 9 7.844892 10.459856 10.459856 7.844892 10.459856 13.074820
62 10 7.844892 10.459856 10.459856 10.459856 10.459856 13.074820
62 11 7.844892 10.459856 10.459856 5.229928 13.074820 13.074820
62 12 7.844892 10.459856 10.459856 7.844892 13.074820 13.074820
62 13 7.844892 10.459856 10.459856 10.459856 13.074820 13.074820
63 0 10.459856 10.459856 10.459856 10.459856 10.459856 10.459856
63 1 10.459856 10.459856 10.459856 13.074820 10.459856 10.459856
63 2 10.459856 10.459856 10.459856 7.844892 13.074820 10.459856
63 3 10.459856 10.459856 10.459856 10.459856 13.074820 10.459856
63 4 10.459856 10.459856 10.459856 13.074820 13.074820 10.459856
63 5 10.459856 10.459856 10.459856 7.844892 7.844892 13.074820
63 6 10.459856 10.459856 10.459856 10.459856 7.844892 13.074820
63 7 10.459856 10.459856 10.459856 13.074820 7.844892 13.074820
63 8 10.459856 10.459856 10.459856 7.844892 10.459856 13.074820
63 9 10.459856 10.459856 10.459856 10.459856 10.459856 13.074820
63 10 10.459856 10.459856 10.459856 13.074820 10.459856 13.074820
63 11 10.459856 10.459856 10.459856 7.844892 13.074820 13.074820
63 12 10.459856 10.459856 10.459856 10.459856 13.074820 13.074820
63 13 10.459856 10.459856 10.459856 13.074820 13.074820 13.074820
